100 90 80 70 60 50 40 30 20 10 0 -10 -20 -30 -40 -50 -60 -70 -80 -90 -100 
90 80.9641 71.9424 62.9389 53.9554 44.9916 36.0448 27.1104 18.1825 9.25425 0.318829 -8.63013 -17.5977 -26.5872 -35.5999 -44.6348 -53.6891 -62.7584 -71.8371 -80.9195 -90 
80 71.9424 63.9097 55.9092 47.9439 40.0127 32.1108 24.2298 16.359 8.48647 0.599856 -7.31189 -15.2576 -23.2428 -31.2694 -39.3356 -47.4359 -55.5625 -63.7055 -71.8546 -80 
70 62.9389 55.9092 48.9197 41.9738 35.0698 28.2009 21.3563 14.5224 7.68362 0.824688 -6.06819 -13.0057 -19.9944 -27.0362 -34.128 -41.2627 -48.4298 -55.617 -62.8112 -70 
60 53.9554 47.9439 41.9738 36.0481 30.1642 24.3142 18.4863 12.6656 6.83558 0.980316 -4.91431 -10.8589 -16.8594 -22.9169 -29.0274 -35.1825 -41.3707 -47.5787 -53.7927 -60 
50 44.9916 40.0127 35.0698 30.1642 25.2924 20.4463 15.6143 10.7825 5.93571 1.05984 -3.85715 -8.8237 -13.8439 -18.9171 -24.0383 -29.1988 -34.3876 -39.5921 -44.8 -50 
40 36.0448 32.1108 28.2009 24.3142 20.4463 16.5895 12.7339 8.86825 4.98121 1.06268 -2.89507 -6.89656 -10.9427 -15.0306 -19.1544 -23.306 -27.4757 -31.6538 -35.8312 -40 
30 27.1104 24.2298 21.3563 18.4863 15.6143 12.7339 9.83796 6.91966 3.97317 0.994401 -2.01842 -5.06449 -8.14054 -11.2413 -14.36 -17.4898 -20.6237 -23.756 -26.8824 -30 
20 18.1825 16.359 14.5224 12.6656 10.7825 8.86825 6.91966 4.93544 2.9165 0.866032 -1.21065 -3.30657 -5.41383 -7.52445 -9.63137 -11.7292 -13.8147 -15.8872 -17.9479 -20 
10 9.25425 8.48647 7.68362 6.83558 5.93571 4.98121 3.97317 2.9165 1.81946 0.693079 -0.449868 -1.59601 -2.73277 -3.84964 -4.93939 -5.99872 -7.02848 -8.03329 -9.02071 -10 
0 0.318829 0.599856 0.824688 0.980316 1.05984 1.06268 0.994401 0.866032 0.693079 0.494112 0.289052 0.0972513 -0.064448 -0.183431 -0.252575 -0.270852 -0.243176 -0.179511 -0.0933785 0 
-10 -8.63013 -7.31189 -6.06819 -4.91431 -3.85715 -2.89507 -2.01842 -1.21065 -0.449868 0.289052 1.03212 1.80368 2.62398 3.50719 4.46002 5.48128 6.56235 7.68857 8.84123 10 
-20 -17.5977 -15.2576 -13.0057 -10.8589 -8.8237 -6.89656 -5.06449 -3.30657 -1.59601 0.0972513 1.80368 3.55113 5.36211 7.2516 9.22567 11.2812 13.4065 15.5834 17.7893 20 
-30 -26.5872 -23.2428 -19.9944 -16.8594 -13.8439 -10.9427 -8.14054 -5.41383 -2.73277 -0.064448 2.62398 5.36211 8.17335 11.0727 14.0653 17.1467 20.3033 23.5145 26.7555 30 
-40 -35.5999 -31.2694 -27.0362 -22.9169 -18.9171 -15.0306 -11.2413 -7.52445 -3.84964 -0.183431 3.50719 7.2516 11.0727 14.9846 18.9918 23.0886 27.2608 31.4872 35.7424 40 
-50 -44.6348 -39.3356 -34.128 -29.0274 -24.0383 -19.1544 -14.36 -9.63137 -4.93939 -0.252575 4.46002 9.22567 14.0653 18.9918 24.0084 29.1094 34.2809 39.5025 44.7505 50 
-60 -53.6891 -47.4359 -41.2627 -35.1825 -29.1988 -23.306 -17.4898 -11.7292 -5.99872 -0.270852 5.48128 11.2812 17.1467 23.0886 29.1094 35.2037 41.3589 47.5575 53.7783 60 
-70 -62.7584 -55.5625 -48.4298 -41.3707 -34.3876 -27.4757 -20.6237 -13.8147 -7.02848 -0.243176 6.56235 13.4065 20.3033 27.2608 34.2809 41.3589 48.485 55.645 62.8223 70 
-80 -71.8371 -63.7055 -55.617 -47.5787 -39.5921 -31.6538 -23.756 -15.8872 -8.03329 -0.179511 7.68857 15.5834 23.5145 31.4872 39.5025 47.5575 55.645 63.7555 71.8777 80 
-90 -80.9195 -71.8546 -62.8112 -53.7927 -44.8 -35.8312 -26.8824 -17.9479 -9.02071 -0.0933785 8.84123 17.7893 26.7555 35.7424 44.7505 53.7783 62.8223 71.8777 80.9389 90 
-100 -90 -80 -70 -60 -50 -40 -30 -20 -10 0 10 20 30 40 50 60 70 80 90 100 
