100 99 98 97 96 95 94 93 92 91 90 89 88 87 86 85 84 83 82 81 80 79 78 77 76 75 74 73 72 71 70 69 68 67 66 65 64 63 62 61 60 59 58 57 56 55 54 53 52 51 50 49 48 47 46 45 44 43 42 41 40 39 38 37 36 35 34 33 32 31 30 29 28 27 26 25 24 23 22 21 20 19 18 17 16 15 14 13 12 11 10 9 8 7 6 5 4 3 2 1 0 -1 -2 -3 -4 -5 -6 -7 -8 -9 -10 -11 -12 -13 -14 -15 -16 -17 -18 -19 -20 -21 -22 -23 -24 -25 -26 -27 -28 -29 -30 -31 -32 -33 -34 -35 -36 -37 -38 -39 -40 -41 -42 -43 -44 -45 -46 -47 -48 -49 -50 -51 -52 -53 -54 -55 -56 -57 -58 -59 -60 -61 -62 -63 -64 -65 -66 -67 -68 -69 -70 -71 -72 -73 -74 -75 -76 -77 -78 -79 -80 -81 -82 -83 -84 -85 -86 -87 -88 -89 -90 -91 -92 -93 -94 -95 -96 -97 -98 -99 -100 
99 98.0083 97.0166 96.0248 95.0331 94.0414 93.0497 92.058 91.0664 90.0747 89.0831 88.0915 87.0999 86.1083 85.1167 84.1252 83.1337 82.1422 81.1508 80.1594 79.168 78.1766 77.1853 76.1941 75.2028 74.2117 73.2205 72.2294 71.2384 70.2473 69.2564 68.2655 67.2746 66.2838 65.293 64.3023 63.3116 62.321 61.3305 60.34 59.3495 58.3591 57.3688 56.3785 55.3883 54.3981 53.408 52.418 51.428 50.438 49.4482 48.4583 47.4686 46.4789 45.4892 44.4996 43.5101 42.5206 41.5312 40.5418 39.5525 38.5633 37.574 36.5849 35.5958 34.6067 33.6177 32.6288 31.6399 30.651 29.6622 28.6734 27.6847 26.696 25.7074 24.7188 23.7302 22.7417 21.7532 20.7647 19.7763 18.7879 17.7995 16.8112 15.8229 14.8346 13.8463 12.8581 11.8699 10.8817 9.89351 8.90535 7.91719 6.92905 5.94092 4.9528 3.96468 2.97657 1.98846 1.00035 0.0122394 -0.975873 -1.96399 -2.95211 -3.94024 -4.92838 -5.91654 -6.9047 -7.89288 -8.88108 -9.8693 -10.8575 -11.8458 -12.8341 -13.8224 -14.8107 -15.7991 -16.7875 -17.7759 -18.7644 -19.7529 -20.7414 -21.73 -22.7186 -23.7072 -24.6959 -25.6847 -26.6735 -27.6623 -28.6512 -29.6401 -30.6291 -31.6181 -32.6072 -33.5963 -34.5855 -35.5747 -36.564 -37.5534 -38.5428 -39.5323 -40.5218 -41.5114 -42.501 -43.4908 -44.4805 -45.4704 -46.4602 -47.4502 -48.4402 -49.4303 -50.4204 -51.4107 -52.4009 -53.3913 -54.3816 -55.3721 -56.3626 -57.3532 -58.3438 -59.3345 -60.3253 -61.3161 -62.307 -63.2979 -64.2889 -65.28 -66.2711 -67.2622 -68.2534 -69.2447 -70.236 -71.2274 -72.2188 -73.2103 -74.2018 -75.1933 -76.1849 -77.1766 -78.1683 -79.16 -80.1517 -81.1435 -82.1354 -83.1272 -84.1191 -85.1111 -86.103 -87.095 -88.087 -89.079 -90.071 -91.0631 -92.0552 -93.0473 -94.0394 -95.0315 -96.0236 -97.0157 -98.0079 -99 
98 97.0166 96.0331 95.0497 94.0663 93.0828 92.0995 91.1161 90.1328 89.1494 88.1662 87.1829 86.1997 85.2166 84.2335 83.2504 82.2674 81.2845 80.3016 79.3188 78.336 77.3533 76.3707 75.3882 74.4057 73.4234 72.4411 71.4589 70.4768 69.4947 68.5128 67.531 66.5492 65.5676 64.5861 63.6047 62.6233 61.6421 60.661 59.68 58.6991 57.7183 56.7376 55.7571 54.7766 53.7963 52.8161 51.836 50.856 49.8761 48.8964 47.9168 46.9372 45.9578 44.9785 43.9993 43.0203 42.0413 41.0625 40.0837 39.1051 38.1266 37.1481 36.1698 35.1916 34.2135 33.2355 32.2576 31.2798 30.302 29.3244 28.3469 27.3694 26.3921 25.4148 24.4376 23.4604 22.4834 21.5064 20.5295 19.5526 18.5758 17.5991 16.6224 15.6458 14.6692 13.6927 12.7162 11.7398 10.7634 9.78704 8.81071 7.8344 6.85811 5.88185 4.9056 3.92936 2.95314 1.97692 1.0007 0.0244747 -0.951752 -1.92799 -2.90423 -3.8805 -4.85678 -5.83309 -6.80942 -7.78579 -8.76218 -9.73862 -10.7151 -11.6916 -12.6682 -13.6448 -14.6215 -15.5982 -16.575 -17.5519 -18.5288 -19.5058 -20.4828 -21.46 -22.4372 -23.4145 -24.3919 -25.3694 -26.347 -27.3246 -28.3024 -29.2802 -30.2582 -31.2362 -32.2144 -33.1927 -34.171 -35.1495 -36.1281 -37.1068 -38.0857 -39.0646 -40.0437 -41.0228 -42.0021 -42.9816 -43.9611 -44.9408 -45.9206 -46.9005 -47.8805 -48.8607 -49.841 -50.8214 -51.8019 -52.7826 -53.7634 -54.7443 -55.7253 -56.7064 -57.6877 -58.6691 -59.6506 -60.6323 -61.614 -62.5959 -63.5779 -64.56 -65.5422 -66.5245 -67.5069 -68.4895 -69.4721 -70.4548 -71.4377 -72.4206 -73.4036 -74.3867 -75.3699 -76.3532 -77.3366 -78.32 -79.3035 -80.2871 -81.2708 -82.2545 -83.2383 -84.2221 -85.206 -86.19 -87.174 -88.158 -89.1421 -90.1262 -91.1104 -92.0946 -93.0788 -94.063 -95.0472 -96.0315 -97.0157 -98 
97 96.0248 95.0497 94.0745 93.0994 92.1243 91.1492 90.1742 89.1992 88.2242 87.2493 86.2744 85.2996 84.3249 83.3503 82.3757 81.4012 80.4268 79.4525 78.4782 77.5041 76.5301 75.5562 74.5824 73.6087 72.6352 71.6617 70.6884 69.7153 68.7422 67.7693 66.7966 65.824 64.8515 63.8793 62.9071 61.9351 60.9633 59.9916 59.0201 58.0488 57.0776 56.1066 55.1358 54.1651 53.1946 52.2243 51.2542 50.2842 49.3144 48.3447 47.3753 46.406 45.4369 44.4679 43.4991 42.5305 41.5621 40.5938 39.6257 38.6578 37.69 36.7223 35.7549 34.7876 33.8204 32.8534 31.8865 30.9198 29.9532 28.9867 28.0204 27.0542 26.0882 25.1222 24.1564 23.1907 22.2251 21.2597 20.2943 19.329 18.3638 17.3987 16.4337 15.4688 14.5039 13.5391 12.5744 11.6098 10.6452 9.6806 8.71609 7.75163 6.78719 5.82279 4.85841 3.89405 2.92971 1.96537 1.00104 0.0367018 -0.927642 -1.892 -2.85638 -3.82078 -4.78521 -5.74967 -6.71418 -7.67873 -8.64333 -9.60799 -10.5727 -11.5375 -12.5023 -13.4673 -14.4323 -15.3974 -16.3626 -17.3279 -18.2933 -19.2588 -20.2244 -21.1901 -22.1559 -23.1219 -24.088 -25.0542 -26.0206 -26.9871 -27.9537 -28.9205 -29.8874 -30.8545 -31.8217 -32.7891 -33.7567 -34.7244 -35.6923 -36.6604 -37.6286 -38.5971 -39.5657 -40.5344 -41.5034 -42.4725 -43.4418 -44.4113 -45.381 -46.3509 -47.3209 -48.2912 -49.2616 -50.2322 -51.203 -52.174 -53.1452 -54.1166 -55.0881 -56.0598 -57.0317 -58.0038 -58.9761 -59.9486 -60.9212 -61.894 -62.867 -63.8401 -64.8134 -65.7869 -66.7605 -67.7343 -68.7083 -69.6824 -70.6566 -71.631 -72.6055 -73.5802 -74.555 -75.5299 -76.5049 -77.4801 -78.4554 -79.4308 -80.4063 -81.3818 -82.3575 -83.3333 -84.3091 -85.285 -86.261 -87.2371 -88.2132 -89.1894 -90.1656 -91.1419 -92.1182 -93.0945 -94.0709 -95.0472 -96.0236 -97 
96 95.0331 94.0663 93.0994 92.1326 91.1658 90.199 89.2323 88.2656 87.299 86.3325 85.366 84.3996 83.4333 82.4671 81.501 80.535 79.5692 78.6034 77.6378 76.6723 75.707 74.7417 73.7767 72.8118 71.8471 70.8825 69.9181 68.9539 67.9899 67.026 66.0624 65.0989 64.1356 63.1726 62.2097 61.2471 60.2846 59.3224 58.3604 57.3986 56.4371 55.4758 54.5146 53.5538 52.5931 51.6327 50.6725 49.7125 48.7528 47.7933 46.834 45.8749 44.9161 43.9575 42.9991 42.041 41.0831 40.1254 39.1679 38.2106 37.2535 36.2967 35.3401 34.3836 33.4274 32.4714 31.5156 30.5599 29.6045 28.6492 27.6941 26.7392 25.7844 24.8299 23.8754 22.9212 21.967 21.013 20.0592 19.1055 18.1519 17.1984 16.2451 15.2918 14.3387 13.3856 12.4326 11.4798 10.5269 9.5742 8.62152 7.66889 6.7163 5.76376 4.81124 3.85876 2.90629 1.95383 1.00137 0.0489165 -0.903551 -1.85604 -2.80855 -3.76109 -4.71367 -5.6663 -6.61898 -7.57173 -8.52454 -9.47742 -10.4304 -11.3834 -12.3366 -13.2898 -14.2432 -15.1967 -16.1503 -17.104 -18.0579 -19.0119 -19.966 -20.9203 -21.8748 -22.8294 -23.7842 -24.7392 -25.6943 -26.6496 -27.6052 -28.5609 -29.5168 -30.4729 -31.4293 -32.3858 -33.3426 -34.2995 -35.2567 -36.2142 -37.1718 -38.1297 -39.0878 -40.0462 -41.0048 -41.9636 -42.9227 -43.8821 -44.8416 -45.8015 -46.7615 -47.7219 -48.6824 -49.6433 -50.6043 -51.5656 -52.5272 -53.489 -54.4511 -55.4134 -56.3759 -57.3387 -58.3018 -59.265 -60.2285 -61.1923 -62.1562 -63.1204 -64.0848 -65.0495 -66.0143 -66.9793 -67.9446 -68.9101 -69.8757 -70.8416 -71.8076 -72.7738 -73.7402 -74.7067 -75.6734 -76.6403 -77.6073 -78.5745 -79.5418 -80.5093 -81.4768 -82.4445 -83.4123 -84.3802 -85.3481 -86.3162 -87.2844 -88.2526 -89.2209 -90.1892 -91.1576 -92.126 -93.0945 -94.063 -95.0315 -96 
95 94.0414 93.0828 92.1243 91.1658 90.2073 89.2488 88.2905 87.3321 86.3739 85.4157 84.4577 83.4997 82.5419 81.5841 80.6265 79.669 78.7117 77.7545 76.7975 75.8406 74.884 73.9275 72.9712 72.0151 71.0592 70.1035 69.148 68.1927 67.2377 66.2829 65.3283 64.374 63.4199 62.4661 61.5126 60.5593 59.6062 58.6535 57.701 56.7487 55.7968 54.8451 53.8937 52.9426 51.9918 51.0413 50.091 49.1411 48.1914 47.242 46.2929 45.3441 44.3956 43.4473 42.4993 41.5517 40.6042 39.6571 38.7103 37.7637 36.8173 35.8713 34.9255 33.98 33.0347 32.0896 31.1448 30.2003 29.2559 28.3118 27.368 26.4243 25.4809 24.5376 23.5946 22.6517 21.7091 20.7666 19.8242 18.8821 17.9401 16.9982 16.0565 15.115 14.1735 13.2322 12.291 11.3498 10.4088 9.46786 8.52699 7.58619 6.64544 5.70475 4.76409 3.82347 2.88287 1.94228 1.0017 0.0611148 -0.879485 -1.82011 -2.76076 -3.70145 -4.64219 -5.58299 -6.52386 -7.4648 -8.40583 -9.34695 -10.2882 -11.2295 -12.171 -13.1125 -14.0542 -14.9961 -15.9381 -16.8803 -17.8226 -18.7651 -19.7078 -20.6507 -21.5938 -22.5371 -23.4806 -24.4243 -25.3683 -26.3124 -27.2568 -28.2015 -29.1464 -30.0916 -31.037 -31.9827 -32.9286 -33.8749 -34.8214 -35.7682 -36.7152 -37.6626 -38.6103 -39.5582 -40.5065 -41.455 -42.4039 -43.3531 -44.3025 -45.2523 -46.2024 -47.1528 -48.1035 -49.0546 -50.0059 -50.9575 -51.9095 -52.8618 -53.8143 -54.7672 -55.7204 -56.6739 -57.6277 -58.5817 -59.5361 -60.4908 -61.4457 -62.4009 -63.3564 -64.3122 -65.2683 -66.2246 -67.1811 -68.1379 -69.095 -70.0523 -71.0098 -71.9676 -72.9255 -73.8837 -74.8421 -75.8007 -76.7595 -77.7184 -78.6775 -79.6368 -80.5962 -81.5558 -82.5155 -83.4754 -84.4354 -85.3954 -86.3556 -87.3159 -88.2762 -89.2366 -90.1971 -91.1576 -92.1182 -93.0788 -94.0394 -95 
94 93.0497 92.0995 91.1492 90.199 89.2488 88.2987 87.3487 86.3987 85.4489 84.4991 83.5494 82.5999 81.6505 80.7012 79.7521 78.8032 77.8544 76.9058 75.9574 75.0092 74.0612 73.1134 72.1658 71.2185 70.2714 69.3246 68.3781 67.4318 66.4857 65.54 64.5945 63.6494 62.7045 61.7599 60.8156 59.8717 58.9281 57.9847 57.0418 56.0991 55.1568 54.2148 53.2731 52.3318 51.3908 50.4502 49.5099 48.5699 47.6303 46.6911 45.7521 44.8135 43.8753 42.9374 41.9998 41.0626 40.1257 39.1892 38.2529 37.317 36.3814 35.4461 34.5112 33.5765 32.6422 31.7081 30.7743 29.8409 28.9076 27.9747 27.0421 26.1097 25.1775 24.2456 23.3139 22.3825 21.4513 20.5203 19.5895 18.6589 17.7285 16.7982 15.8681 14.9382 14.0085 13.0789 12.1494 11.22 10.2908 9.3616 8.43253 7.50355 6.57464 5.64578 4.71697 3.7882 2.85946 1.93074 1.00202 0.0732926 -0.855448 -1.78421 -2.71302 -3.64187 -4.57078 -5.49976 -6.42882 -7.35797 -8.28723 -9.21659 -10.1461 -11.0757 -12.0055 -12.9354 -13.8654 -14.7957 -15.7261 -16.6567 -17.5876 -18.5186 -19.4499 -20.3813 -21.3131 -22.245 -23.1772 -24.1097 -25.0425 -25.9755 -26.9088 -27.8424 -28.7763 -29.7105 -30.645 -31.5798 -32.515 -33.4505 -34.3863 -35.3225 -36.259 -37.1958 -38.133 -39.0706 -40.0085 -40.9467 -41.8854 -42.8244 -43.7637 -44.7035 -45.6436 -46.5841 -47.5249 -48.4662 -49.4078 -50.3498 -51.2921 -52.2348 -53.1779 -54.1213 -55.0652 -56.0093 -56.9539 -57.8987 -58.844 -59.7896 -60.7355 -61.6818 -62.6283 -63.5753 -64.5225 -65.4701 -66.4179 -67.3661 -68.3145 -69.2633 -70.2123 -71.1616 -72.1111 -73.0609 -74.011 -74.9612 -75.9117 -76.8625 -77.8134 -78.7645 -79.7158 -80.6673 -81.6189 -82.5707 -83.5227 -84.4747 -85.4269 -86.3792 -87.3316 -88.2841 -89.2366 -90.1892 -91.1419 -92.0946 -93.0473 -94 
93 92.058 91.1161 90.1742 89.2323 88.2905 87.3487 86.407 85.4654 84.5239 83.5826 82.6413 81.7002 80.7593 79.8185 78.8779 77.9374 76.9972 76.0572 75.1174 74.1779 73.2386 72.2995 71.3607 70.4222 69.484 68.5461 67.6084 66.6711 65.7341 64.7974 63.861 62.925 61.9893 61.054 60.1191 59.1845 58.2502 57.3164 56.3829 55.4498 54.5171 53.5848 52.6528 51.7213 50.7902 49.8594 48.9291 47.9991 47.0696 46.1404 45.2117 44.2834 43.3554 42.4278 41.5007 40.5739 39.6475 38.7215 37.7959 36.8707 35.9458 35.0213 34.0972 33.1734 32.25 31.3269 30.4041 29.4817 28.5596 27.6379 26.7164 25.7953 24.8744 23.9538 23.0335 22.1135 21.1937 20.2742 19.3549 18.4358 17.517 16.5984 15.6799 14.7617 13.8436 12.9257 12.0079 11.0903 10.1728 9.25542 8.33815 7.42098 6.50388 5.58685 4.66988 3.75296 2.83606 1.91919 1.00232 0.0854458 -0.831447 -1.74837 -2.66534 -3.58236 -4.49945 -5.41662 -6.33389 -7.25126 -8.16875 -9.08637 -10.0041 -10.922 -11.8401 -12.7584 -13.6768 -14.5955 -15.5143 -16.4334 -17.3527 -18.2723 -19.1921 -20.1122 -21.0326 -21.9532 -22.8742 -23.7954 -24.717 -25.6388 -26.561 -27.4836 -28.4065 -29.3297 -30.2534 -31.1773 -32.1017 -33.0265 -33.9516 -34.8771 -35.803 -36.7294 -37.6561 -38.5833 -39.5108 -40.4388 -41.3672 -42.2961 -43.2253 -44.155 -45.0852 -46.0157 -46.9467 -47.8782 -48.81 -49.7423 -50.6751 -51.6082 -52.5418 -53.4758 -54.4103 -55.3451 -56.2804 -57.2161 -58.1522 -59.0887 -60.0256 -60.9629 -61.9006 -62.8386 -63.7771 -64.7159 -65.655 -66.5945 -67.5343 -68.4745 -69.415 -70.3558 -71.2969 -72.2384 -73.1801 -74.122 -75.0642 -76.0067 -76.9494 -77.8924 -78.8356 -79.7789 -80.7225 -81.6662 -82.6101 -83.5542 -84.4983 -85.4426 -86.3871 -87.3316 -88.2762 -89.2209 -90.1656 -91.1104 -92.0552 -93 
92 91.0664 90.1328 89.1992 88.2656 87.3321 86.3987 85.4654 84.5322 83.5991 82.6661 81.7333 80.8007 79.8682 78.9359 78.0038 77.0719 76.1403 75.2089 74.2777 73.3469 72.4163 71.4859 70.5559 69.6262 68.6968 67.7678 66.8391 65.9107 64.9827 64.0551 63.1279 62.201 61.2745 60.3485 59.4228 58.4976 57.5728 56.6484 55.7244 54.8009 53.8778 52.9552 52.033 51.1112 50.1899 49.2691 48.3487 47.4288 46.5093 45.5903 44.6717 43.7536 42.8359 41.9187 41.0019 40.0856 39.1697 38.2543 37.3393 36.4247 35.5106 34.5968 33.6835 32.7706 31.8581 30.946 30.0343 29.1229 28.2119 27.3013 26.3911 25.4812 24.5716 23.6623 22.7534 21.8447 20.9364 20.0283 19.1205 18.213 17.3057 16.3987 15.4919 14.5853 13.6789 12.7726 11.8666 10.9607 10.055 9.14935 8.24386 7.33848 6.43319 5.52798 4.62283 3.71774 2.81268 1.90764 1.00261 0.0975704 -0.807488 -1.71258 -2.61773 -3.52293 -4.42822 -5.3336 -6.23908 -7.14468 -8.05042 -8.95631 -9.86236 -10.7686 -11.675 -12.5816 -13.4884 -14.3955 -15.3028 -16.2104 -17.1182 -18.0263 -18.9347 -19.8434 -20.7524 -21.6617 -22.5714 -23.4814 -24.3918 -25.3025 -26.2137 -27.1252 -28.0371 -28.9494 -29.8621 -30.7753 -31.6888 -32.6028 -33.5173 -34.4322 -35.3475 -36.2634 -37.1797 -38.0964 -39.0136 -39.9314 -40.8495 -41.7682 -42.6874 -43.6071 -44.5272 -45.4479 -46.369 -47.2906 -48.2128 -49.1354 -50.0585 -50.9821 -51.9062 -52.8308 -53.7559 -54.6814 -55.6074 -56.5339 -57.4609 -58.3883 -59.3161 -60.2444 -61.1732 -62.1024 -63.032 -63.962 -64.8924 -65.8233 -66.7545 -67.6861 -68.6181 -69.5504 -70.4831 -71.4161 -72.3494 -73.2831 -74.217 -75.1512 -76.0857 -77.0205 -77.9555 -78.8907 -79.8262 -80.7619 -81.6977 -82.6337 -83.5699 -84.5062 -85.4426 -86.3792 -87.3159 -88.2526 -89.1894 -90.1262 -91.0631 -92 
91 90.0747 89.1494 88.2242 87.299 86.3739 85.4489 84.5239 83.5991 82.6744 81.7499 80.8255 79.9013 78.9773 78.0535 77.13 76.2067 75.2836 74.3608 73.4383 72.5161 71.5942 70.6726 69.7514 68.8305 67.91 66.9899 66.0701 65.1507 64.2318 63.3132 62.3951 61.4774 60.5602 59.6434 58.727 57.8112 56.8958 55.9808 55.0664 54.1524 53.239 52.326 51.4136 50.5016 49.5901 48.6792 47.7688 46.8588 45.9494 45.0405 44.1321 43.2242 42.3169 41.41 40.5036 39.5978 38.6924 37.7875 36.8831 35.9792 35.0758 34.1728 33.2703 32.3683 31.4667 30.5655 29.6648 28.7645 27.8646 26.9652 26.0661 25.1674 24.2691 23.3711 22.4735 21.5763 20.6794 19.7828 18.8865 17.9905 17.0947 16.1993 15.304 14.4091 13.5143 12.6198 11.7254 10.8313 9.93725 9.04339 8.14967 7.25607 6.36257 5.46916 4.57583 3.68254 2.7893 1.89609 1.00288 0.109662 -0.783577 -1.67686 -2.57019 -3.4636 -4.35709 -5.25069 -6.14441 -7.03826 -7.93226 -8.82643 -9.72078 -10.6153 -11.5101 -12.4051 -13.3003 -14.1958 -15.0916 -15.9876 -16.8839 -17.7806 -18.6776 -19.5749 -20.4726 -21.3706 -22.269 -23.1678 -24.067 -24.9667 -25.8667 -26.7672 -27.6681 -28.5695 -29.4713 -30.3736 -31.2764 -32.1797 -33.0835 -33.9878 -34.8925 -35.7979 -36.7037 -37.6101 -38.517 -39.4244 -40.3324 -41.2409 -42.15 -43.0596 -43.9698 -44.8805 -45.7918 -46.7036 -47.616 -48.5289 -49.4424 -50.3565 -51.2711 -52.1862 -53.1019 -54.0181 -54.9349 -55.8522 -56.77 -57.6883 -58.6071 -59.5264 -60.4462 -61.3666 -62.2873 -63.2086 -64.1303 -65.0525 -65.975 -66.8981 -67.8215 -68.7453 -69.6695 -70.5941 -71.5191 -72.4444 -73.3701 -74.296 -75.2223 -76.1488 -77.0757 -78.0028 -78.9301 -79.8577 -80.7855 -81.7134 -82.6416 -83.5699 -84.4983 -85.4269 -86.3556 -87.2844 -88.2132 -89.1421 -90.071 -91 
90 89.0831 88.1662 87.2493 86.3325 85.4157 84.4991 83.5826 82.6661 81.7499 80.8338 79.9179 79.0022 78.0867 77.1714 76.2564 75.3417 74.4272 73.513 72.5992 71.6857 70.7725 69.8597 68.9473 68.0352 67.1236 66.2123 65.3015 64.3911 63.4812 62.5718 61.6628 60.7543 59.8462 58.9387 58.0317 57.1252 56.2192 55.3138 54.4089 53.5045 52.6006 51.6974 50.7946 49.8925 48.9909 48.0898 47.1894 46.2894 45.3901 44.4913 43.5931 42.6954 41.7984 40.9018 40.0058 39.1104 38.2156 37.3212 36.4274 35.5342 34.6415 33.7493 32.8576 31.9664 31.0757 30.1855 29.2958 28.4065 27.5177 26.6294 25.7415 24.854 23.967 23.0803 22.1941 21.3082 20.4227 19.5375 18.6527 17.7682 16.884 16.0001 15.1165 14.2331 13.35 12.4671 11.5844 10.702 9.81969 8.93757 8.0556 7.17376 6.29204 5.41041 4.52887 3.64738 2.76594 1.88453 1.00313 0.121718 -0.75972 -1.6412 -2.52274 -3.40437 -4.28609 -5.16792 -6.04989 -6.932 -7.81429 -8.69675 -9.57942 -10.4623 -11.3454 -12.2288 -13.1124 -13.9964 -14.8806 -15.7651 -16.65 -17.5352 -18.4208 -19.3068 -20.1931 -21.0799 -21.9671 -22.8547 -23.7427 -24.6312 -25.5202 -26.4096 -27.2996 -28.19 -29.081 -29.9725 -30.8645 -31.7571 -32.6502 -33.5438 -34.4381 -35.3329 -36.2283 -37.1243 -38.0208 -38.918 -39.8157 -40.7141 -41.6131 -42.5127 -43.4129 -44.3137 -45.2151 -46.1171 -47.0198 -47.9231 -48.8269 -49.7314 -50.6365 -51.5422 -52.4485 -53.3554 -54.2629 -55.1709 -56.0796 -56.9888 -57.8986 -58.8089 -59.7198 -60.6312 -61.5432 -62.4556 -63.3686 -64.2821 -65.196 -66.1104 -67.0253 -67.9406 -68.8564 -69.7726 -70.6891 -71.6061 -72.5234 -73.4411 -74.3591 -75.2775 -76.1961 -77.1151 -78.0343 -78.9537 -79.8734 -80.7933 -81.7134 -82.6337 -83.5542 -84.4747 -85.3954 -86.3162 -87.2371 -88.158 -89.079 -90 
89 88.0915 87.1829 86.2744 85.366 84.4577 83.5494 82.6413 81.7333 80.8255 79.9179 79.0104 78.1032 77.1962 76.2895 75.3831 74.4769 73.5711 72.6656 71.7604 70.8556 69.9512 69.0471 68.1435 67.2403 66.3375 65.4352 64.5334 63.632 62.7311 61.8308 60.9309 60.0316 59.1328 58.2346 57.3369 56.4398 55.5432 54.6472 53.7519 52.8571 51.9629 51.0693 50.1763 49.2839 48.3922 47.501 46.6105 45.7206 44.8313 43.9427 43.0546 42.1672 41.2804 40.3942 39.5086 38.6236 37.7393 36.8555 35.9723 35.0897 34.2077 33.3262 32.4453 31.565 30.6852 29.806 28.9272 28.049 27.1713 26.2941 25.4174 24.5411 23.6653 22.7899 21.915 21.0405 20.1663 19.2926 18.4192 17.5462 16.6735 15.8012 14.9291 14.0574 13.1859 12.3146 11.4436 10.5729 9.70229 8.83189 7.96165 7.09156 6.22159 5.35173 4.48196 3.61226 2.7426 1.87297 1.00336 0.133732 -0.735922 -1.60562 -2.47539 -3.34525 -4.21521 -5.0853 -5.95554 -6.82594 -7.69652 -8.5673 -9.43831 -10.3096 -11.1811 -12.0528 -12.9249 -13.7973 -14.67 -15.5431 -16.4165 -17.2903 -18.1645 -19.0391 -19.9141 -20.7896 -21.6656 -22.542 -23.4189 -24.2963 -25.1742 -26.0526 -26.9316 -27.8112 -28.6913 -29.5719 -30.4532 -31.335 -32.2175 -33.1005 -33.9842 -34.8685 -35.7535 -36.6391 -37.5253 -38.4122 -39.2998 -40.188 -41.0769 -41.9664 -42.8566 -43.7475 -44.6391 -45.5313 -46.4242 -47.3178 -48.2121 -49.107 -50.0026 -50.8988 -51.7957 -52.6933 -53.5915 -54.4903 -55.3898 -56.2899 -57.1906 -58.092 -58.9939 -59.8964 -60.7995 -61.7032 -62.6074 -63.5122 -64.4175 -65.3233 -66.2296 -67.1364 -68.0437 -68.9514 -69.8595 -70.7681 -71.6771 -72.5865 -73.4963 -74.4064 -75.3169 -76.2276 -77.1387 -78.05 -78.9616 -79.8734 -80.7855 -81.6977 -82.6101 -83.5227 -84.4354 -85.3481 -86.261 -87.174 -88.087 -89 
88 87.0999 86.1997 85.2996 84.3996 83.4997 82.5999 81.7002 80.8007 79.9013 79.0022 78.1032 77.2045 76.3061 75.4079 74.51 73.6125 72.7153 71.8184 70.922 70.0259 69.1302 68.235 67.3402 66.4458 65.5519 64.6586 63.7657 62.8734 61.9816 61.0903 60.1996 59.3095 58.4199 57.531 56.6426 55.7549 54.8678 53.9813 53.0955 52.2103 51.3257 50.4418 49.5586 48.676 47.7941 46.9129 46.0323 45.1524 44.2732 43.3947 42.5168 41.6396 40.7631 39.8872 39.012 38.1375 37.2636 36.3904 35.5178 34.6458 33.7745 32.9038 32.0337 31.1642 30.2953 29.427 28.5592 27.692 26.8254 25.9593 25.0937 24.2286 23.364 22.4999 21.6363 20.7731 19.9104 19.0481 18.1861 17.3246 16.4634 15.6026 14.7421 13.8819 13.022 12.1624 11.3031 10.444 9.58507 8.72637 7.86784 7.00948 6.15125 5.29313 4.43511 3.57717 2.71927 1.86141 1.00356 0.145703 -0.712189 -1.57013 -2.42815 -3.28626 -4.14449 -5.00286 -5.86138 -6.72008 -7.57898 -8.4381 -9.29746 -10.1571 -11.017 -11.8772 -12.7377 -13.5986 -14.4598 -15.3214 -16.1834 -17.0458 -17.9086 -18.7719 -19.6356 -20.4998 -21.3646 -22.2298 -23.0956 -23.9619 -24.8288 -25.6962 -26.5642 -27.4329 -28.3021 -29.172 -30.0425 -30.9136 -31.7854 -32.6579 -33.531 -34.4049 -35.2794 -36.1546 -37.0305 -37.9071 -38.7845 -39.6625 -40.5413 -41.4208 -42.3011 -43.182 -44.0637 -44.9462 -45.8293 -46.7132 -47.5979 -48.4832 -49.3693 -50.2561 -51.1436 -52.0318 -52.9207 -53.8104 -54.7007 -55.5916 -56.4833 -57.3756 -58.2686 -59.1622 -60.0564 -60.9513 -61.8467 -62.7428 -63.6394 -64.5366 -65.4343 -66.3326 -67.2314 -68.1306 -69.0304 -69.9306 -70.8313 -71.7323 -72.6338 -73.5357 -74.4379 -75.3405 -76.2434 -77.1465 -78.05 -78.9537 -79.8577 -80.7619 -81.6662 -82.5707 -83.4754 -84.3802 -85.285 -86.19 -87.095 -88 
87 86.1083 85.2166 84.3249 83.4333 82.5419 81.6505 80.7593 79.8682 78.9773 78.0867 77.1962 76.3061 75.4162 74.5266 73.6373 72.7484 71.8599 70.9717 70.0839 69.1966 68.3097 67.4232 66.5373 65.6518 64.7669 63.8825 62.9986 62.1153 61.2325 60.3504 59.4689 58.588 57.7077 56.828 55.949 55.0707 54.193 53.316 52.4397 51.5641 50.6892 49.815 48.9416 48.0688 47.1967 46.3254 45.4548 44.5849 43.7158 42.8474 41.9797 41.1127 40.2465 39.3809 38.5161 37.652 36.7886 35.9259 35.0639 34.2026 33.3419 32.4819 31.6226 30.764 29.9059 29.0485 28.1918 27.3356 26.48 25.625 24.7705 23.9167 23.0633 22.2104 21.3581 20.5063 19.6549 18.8039 17.9534 17.1034 16.2537 15.4043 14.5554 13.7068 12.8585 12.0105 11.1628 10.3153 9.46804 8.62102 7.77419 6.92753 6.08101 5.23462 4.38833 3.54212 2.69597 1.84985 1.00374 0.157624 -0.688527 -1.53474 -2.38102 -3.22741 -4.07393 -4.92059 -5.76742 -6.61445 -7.46169 -8.30917 -9.15691 -10.0049 -10.8532 -11.7019 -12.5509 -13.4002 -14.25 -15.1001 -15.9507 -16.8017 -17.6532 -18.5052 -19.3576 -20.2106 -21.0641 -21.9182 -22.7729 -23.6281 -24.4839 -25.3404 -26.1975 -27.0552 -27.9136 -28.7727 -29.6325 -30.4929 -31.3541 -32.216 -33.0786 -33.9419 -34.806 -35.6708 -36.5364 -37.4028 -38.2699 -39.1378 -40.0065 -40.876 -41.7463 -42.6173 -43.4892 -44.3618 -45.2352 -46.1094 -46.9844 -47.8602 -48.7368 -49.6141 -50.4922 -51.3711 -52.2507 -53.1311 -54.0122 -54.8941 -55.7766 -56.6599 -57.5439 -58.4286 -59.314 -60.2 -61.0867 -61.974 -62.862 -63.7505 -64.6396 -65.5293 -66.4196 -67.3104 -68.2017 -69.0935 -69.9858 -70.8785 -71.7717 -72.6653 -73.5593 -74.4536 -75.3483 -76.2434 -77.1387 -78.0343 -78.9301 -79.8262 -80.7225 -81.6189 -82.5155 -83.4123 -84.3091 -85.206 -86.103 -87 
86 85.1167 84.2335 83.3503 82.4671 81.5841 80.7012 79.8185 78.9359 78.0535 77.1714 76.2895 75.4079 74.5266 73.6456 72.765 71.8847 71.0048 70.1253 69.2463 68.3677 67.4896 66.612 65.7349 64.8583 63.9823 63.1069 62.232 61.3578 60.4841 59.6111 58.7388 57.8671 56.996 56.1257 55.2561 54.3871 53.5189 52.6514 51.7847 50.9187 50.0535 49.189 48.3252 47.4623 46.6001 45.7387 44.878 44.0182 43.1591 42.3008 41.4433 40.5865 39.7305 38.8753 38.0209 37.1672 36.3143 35.4621 34.6107 33.76 32.9101 32.0608 31.2123 30.3644 29.5173 28.6708 27.8249 26.9798 26.1352 25.2913 24.448 23.6052 22.7631 21.9215 21.0804 20.2399 19.3998 18.5603 17.7212 16.8825 16.0443 15.2065 14.369 13.5319 12.6952 11.8588 11.0227 10.1868 9.35123 8.51586 7.6807 6.84571 6.01089 5.1762 4.34161 3.50712 2.67268 1.83828 1.00389 0.169494 -0.664942 -1.49944 -2.33402 -3.16871 -4.00354 -4.83852 -5.67369 -6.50906 -7.34467 -8.18052 -9.01666 -9.8531 -10.6899 -11.527 -12.3644 -13.2023 -14.0406 -14.8793 -15.7185 -16.5582 -17.3983 -18.239 -19.0802 -19.922 -20.7643 -21.6072 -22.4508 -23.295 -24.1398 -24.9853 -25.8314 -26.6783 -27.5259 -28.3742 -29.2232 -30.0729 -30.9235 -31.7748 -32.6269 -33.4797 -34.3334 -35.1879 -36.0431 -36.8993 -37.7562 -38.614 -39.4726 -40.332 -41.1923 -42.0534 -42.9154 -43.7782 -44.6419 -45.5064 -46.3718 -47.238 -48.105 -48.9729 -49.8416 -50.7111 -51.5814 -52.4526 -53.3245 -54.1972 -55.0707 -55.945 -56.82 -57.6957 -58.5722 -59.4494 -60.3273 -61.2059 -62.0851 -62.965 -63.8455 -64.7266 -65.6084 -66.4907 -67.3735 -68.2569 -69.1408 -70.0252 -70.91 -71.7953 -72.681 -73.5671 -74.4536 -75.3405 -76.2276 -77.1151 -78.0028 -78.8907 -79.7789 -80.6673 -81.5558 -82.4445 -83.3333 -84.2221 -85.1111 -86 
85 84.1252 83.2504 82.3757 81.501 80.6265 79.7521 78.8779 78.0038 77.13 76.2564 75.3831 74.51 73.6373 72.765 71.893 71.0214 70.1502 69.2794 68.4091 67.5393 66.67 65.8013 64.9331 64.0654 63.1983 62.3319 61.4661 60.6009 59.7363 58.8725 58.0093 57.1469 56.2851 55.4241 54.5638 53.7043 52.8456 51.9876 51.1304 50.274 49.4185 48.5637 47.7097 46.8566 46.0042 45.1527 44.3021 43.4522 42.6032 41.755 40.9077 40.0611 39.2154 38.3706 37.5265 36.6832 35.8408 34.9991 34.1583 33.3182 32.4789 31.6404 30.8026 29.9656 29.1293 28.2937 27.4588 26.6246 25.7911 24.9582 24.126 23.2944 22.4634 21.633 20.8032 19.974 19.1453 18.3171 17.4893 16.6621 15.8353 15.009 14.183 13.3575 12.5323 11.7074 10.8829 10.0586 9.23464 8.4109 7.58738 6.76405 5.94089 5.11787 4.29497 3.47216 2.64941 1.82671 1.00401 0.181307 -0.641438 -1.46425 -2.28715 -3.11017 -3.93333 -4.75666 -5.58019 -6.40394 -7.22793 -8.05219 -8.87675 -9.70163 -10.5269 -11.3525 -12.1784 -13.0049 -13.8317 -14.659 -15.4868 -16.3151 -17.144 -17.9734 -18.8033 -19.6339 -20.4651 -21.2969 -22.1294 -22.9625 -23.7963 -24.6309 -25.4661 -26.3021 -27.1389 -27.9764 -28.8147 -29.6538 -30.4937 -31.3344 -32.176 -33.0184 -33.8616 -34.7057 -35.5507 -36.3966 -37.2433 -38.091 -38.9395 -39.7889 -40.6392 -41.4904 -42.3425 -43.1956 -44.0495 -44.9043 -45.76 -46.6166 -47.4742 -48.3325 -49.1918 -50.052 -50.913 -51.7749 -52.6376 -53.5012 -54.3656 -55.2308 -56.0968 -56.9636 -57.8311 -58.6995 -59.5686 -60.4384 -61.3089 -62.1801 -63.052 -63.9245 -64.7977 -65.6715 -66.5459 -67.4208 -68.2963 -69.1723 -70.0488 -70.9258 -71.8032 -72.681 -73.5593 -74.4379 -75.3169 -76.1961 -77.0757 -77.9555 -78.8356 -79.7158 -80.5962 -81.4768 -82.3575 -83.2383 -84.1191 -85 
84 83.1337 82.2674 81.4012 80.535 79.669 78.8032 77.9374 77.0719 76.2067 75.3417 74.4769 73.6125 72.7484 71.8847 71.0214 70.1585 69.296 68.434 67.5725 66.7115 65.851 64.9911 64.1318 63.2731 62.415 61.5575 60.7007 59.8446 58.9892 58.1345 57.2806 56.4274 55.5749 54.7232 53.8724 53.0223 52.173 51.3246 50.477 49.6302 48.7843 47.9392 47.095 46.2517 45.4092 44.5676 43.7269 42.8871 42.0481 41.2101 40.3729 39.5366 38.7012 37.8666 37.0329 36.2001 35.3681 34.537 33.7067 32.8772 32.0486 31.2207 30.3937 29.5675 28.742 27.9173 27.0933 26.2701 25.4476 24.6258 23.8047 22.9842 22.1644 21.3452 20.5266 19.7086 18.8912 18.0744 17.258 16.4422 15.6268 14.8119 13.9974 13.1833 12.3697 11.5563 10.7434 9.93068 9.11829 8.30615 7.49425 6.68255 5.87103 5.05966 4.24841 3.43726 2.62617 1.81513 1.0041 0.193061 -0.618022 -1.42917 -2.24042 -3.0518 -3.86332 -4.67503 -5.48694 -6.29909 -7.1115 -7.92419 -8.7372 -9.55055 -10.3643 -11.1784 -11.9929 -12.8079 -13.6233 -14.4393 -15.2557 -16.0727 -16.8903 -17.7084 -18.5272 -19.3465 -20.1666 -20.9873 -21.8087 -22.6308 -23.4536 -24.2772 -25.1016 -25.9267 -26.7527 -27.5794 -28.407 -29.2355 -30.0648 -30.8949 -31.726 -32.5579 -33.3908 -34.2245 -35.0592 -35.8948 -36.7314 -37.5689 -38.4073 -39.2467 -40.087 -40.9283 -41.7706 -42.6138 -43.458 -44.3031 -45.1492 -45.9962 -46.8442 -47.6931 -48.5429 -49.3937 -50.2454 -51.098 -51.9515 -52.8059 -53.6612 -54.5174 -55.3744 -56.2322 -57.0909 -57.9503 -58.8106 -59.6716 -60.5334 -61.3959 -62.2591 -63.1231 -63.9876 -64.8529 -65.7188 -66.5852 -67.4523 -68.3199 -69.188 -70.0567 -70.9258 -71.7953 -72.6653 -73.5357 -74.4064 -75.2775 -76.1488 -77.0205 -77.8924 -78.7645 -79.6368 -80.5093 -81.3818 -82.2545 -83.1272 -84 
83 82.1422 81.2845 80.4268 79.5692 78.7117 77.8544 76.9972 76.1403 75.2836 74.4272 73.5711 72.7153 71.8599 71.0048 70.1502 69.296 68.4423 67.589 66.7363 65.8841 65.0325 64.1815 63.3311 62.4814 61.6323 60.7838 59.9361 59.0891 58.2428 57.3973 56.5526 55.7086 54.8655 54.0232 53.1817 52.3411 51.5013 50.6624 49.8243 48.9872 48.1509 47.3156 46.4812 45.6477 44.8151 43.9834 43.1527 42.3229 41.494 40.666 39.839 39.0129 38.1878 37.3635 36.5402 35.7178 34.8963 34.0756 33.2559 32.437 31.619 30.8019 29.9856 29.1702 28.3555 27.5417 26.7286 25.9164 25.1048 24.2941 23.484 22.6747 21.866 21.058 20.2506 19.4439 18.6378 17.8322 17.0272 16.2227 15.4187 14.6152 13.8122 13.0096 12.2074 11.4056 10.6042 9.80302 9.00219 8.20163 7.40132 6.60122 5.8013 5.00155 4.20193 3.4024 2.60295 1.80355 1.00416 0.204751 -0.594699 -1.39422 -2.19385 -2.99361 -3.79353 -4.59363 -5.39396 -6.19454 -6.99539 -7.79654 -8.59803 -9.39988 -10.2021 -11.0048 -11.8079 -12.6114 -13.4155 -14.2201 -15.0252 -15.8309 -16.6372 -17.4441 -18.2516 -19.0599 -19.8688 -20.6784 -21.4887 -22.2999 -23.1117 -23.9244 -24.7379 -25.5522 -26.3674 -27.1834 -28.0003 -28.8181 -29.6368 -30.4564 -31.2769 -32.0984 -32.9209 -33.7443 -34.5687 -35.3941 -36.2204 -37.0478 -37.8761 -38.7055 -39.5359 -40.3672 -41.1996 -42.033 -42.8674 -43.7029 -44.5393 -45.3767 -46.2152 -47.0546 -47.895 -48.7364 -49.5788 -50.4221 -51.2664 -52.1116 -52.9578 -53.8048 -54.6528 -55.5017 -56.3514 -57.202 -58.0534 -58.9056 -59.7586 -60.6124 -61.467 -62.3223 -63.1783 -64.0349 -64.8923 -65.7503 -66.6088 -67.468 -68.3278 -69.188 -70.0488 -70.91 -71.7717 -72.6338 -73.4963 -74.3591 -75.2223 -76.0857 -76.9494 -77.8134 -78.6775 -79.5418 -80.4063 -81.2708 -82.1354 -83 
82 81.1508 80.3016 79.4525 78.6034 77.7545 76.9058 76.0572 75.2089 74.3608 73.513 72.6656 71.8184 70.9717 70.1253 69.2794 68.434 67.589 66.7446 65.9007 65.0574 64.2146 63.3725 62.5311 61.6903 60.8502 60.0108 59.1722 58.3343 57.4972 56.6609 55.8254 54.9907 54.1569 53.324 52.4919 51.6607 50.8304 50.0011 49.1726 48.3451 47.5185 46.6929 45.8683 45.0446 44.2219 43.4001 42.5794 41.7596 40.9408 40.123 39.3061 38.4902 37.6753 36.8614 36.0484 35.2364 34.4253 33.6152 32.806 31.9978 31.1904 30.3839 29.5784 28.7737 27.9699 27.1669 26.3647 25.5634 24.7629 23.9631 23.1641 22.3658 21.5683 20.7714 19.9753 19.1798 18.3849 17.5906 16.7969 16.0038 15.2112 14.4191 13.6275 12.8363 12.0456 11.2552 10.4653 9.67566 8.88636 8.09735 7.30859 6.52006 5.73173 4.94356 4.15553 3.36761 2.57976 1.79196 1.00418 0.216374 -0.571474 -1.3594 -2.14743 -2.93561 -3.72395 -4.51249 -5.30126 -6.0903 -6.87962 -7.66926 -8.45926 -9.24963 -10.0404 -10.8316 -11.6233 -12.4155 -13.2082 -14.0014 -14.7953 -15.5897 -16.3847 -17.1804 -17.9768 -18.7739 -19.5717 -20.3703 -21.1696 -21.9697 -22.7707 -23.5724 -24.3751 -25.1786 -25.9829 -26.7882 -27.5945 -28.4016 -29.2097 -30.0188 -30.8289 -31.6399 -32.452 -33.2651 -34.0792 -34.8943 -35.7105 -36.5277 -37.346 -38.1653 -38.9857 -39.8072 -40.6297 -41.4533 -42.278 -43.1037 -43.9305 -44.7583 -45.5872 -46.4171 -47.2481 -48.0801 -48.9131 -49.7472 -50.5822 -51.4182 -52.2553 -53.0932 -53.9322 -54.772 -55.6128 -56.4544 -57.297 -58.1404 -58.9846 -59.8297 -60.6756 -61.5222 -62.3696 -63.2176 -64.0664 -64.9159 -65.766 -66.6167 -67.468 -68.3199 -69.1723 -70.0252 -70.8785 -71.7323 -72.5865 -73.4411 -74.296 -75.1512 -76.0067 -76.8625 -77.7184 -78.5745 -79.4308 -80.2871 -81.1435 -82 
81 80.1594 79.3188 78.4782 77.6378 76.7975 75.9574 75.1174 74.2777 73.4383 72.5992 71.7604 70.922 70.0839 69.2463 68.4091 67.5725 66.7363 65.9007 65.0656 64.2312 63.3974 62.5642 61.7317 60.8999 60.0689 59.2386 58.409 57.5803 56.7524 55.9253 55.099 54.2737 53.4492 52.6256 51.803 50.9813 50.1605 49.3407 48.5218 47.704 46.8871 46.0712 45.2564 44.4425 43.6297 42.8179 42.0071 41.1973 40.3886 39.5809 38.7742 37.9685 37.1639 36.3602 35.5576 34.756 33.9554 33.1557 32.3571 31.5594 30.7627 29.9669 29.172 28.3781 27.5851 26.7929 26.0017 25.2112 24.4217 23.6329 22.8449 22.0577 21.2713 20.4856 19.7006 18.9163 18.1326 17.3496 16.5672 15.7854 15.0041 14.2234 13.4432 12.6634 11.8841 11.1052 10.3267 9.54862 8.77082 7.99332 7.21609 6.43909 5.66231 4.8857 4.10923 3.33287 2.5566 1.78037 1.00416 0.227926 -0.548353 -1.32471 -2.10119 -2.87781 -3.6546 -4.43161 -5.20886 -5.98638 -6.76421 -7.54237 -8.32091 -9.09984 -9.87919 -10.659 -11.4393 -12.2201 -13.0015 -13.7835 -14.566 -15.3492 -16.133 -16.9175 -17.7028 -18.4888 -19.2755 -20.063 -20.8513 -21.6405 -22.4305 -23.2214 -24.0132 -24.8059 -25.5995 -26.3941 -27.1896 -27.9862 -28.7837 -29.5823 -30.3818 -31.1825 -31.9842 -32.7869 -33.5907 -34.3956 -35.2016 -36.0087 -36.8169 -37.6263 -38.4367 -39.2482 -40.0609 -40.8747 -41.6896 -42.5056 -43.3227 -44.1409 -44.9603 -45.7807 -46.6022 -47.4248 -48.2485 -49.0732 -49.899 -50.7259 -51.5537 -52.3826 -53.2124 -54.0433 -54.8751 -55.7078 -56.5415 -57.376 -58.2115 -59.0478 -59.8849 -60.7228 -61.5616 -62.401 -63.2413 -64.0822 -64.9238 -65.766 -66.6088 -67.4523 -68.2963 -69.1408 -69.9858 -70.8313 -71.6771 -72.5234 -73.3701 -74.217 -75.0642 -75.9117 -76.7595 -77.6073 -78.4554 -79.3035 -80.1517 -81 
80 79.168 78.336 77.5041 76.6723 75.8406 75.0092 74.1779 73.3469 72.5161 71.6857 70.8556 70.0259 69.1966 68.3677 67.5393 66.7115 65.8841 65.0574 64.2312 63.4057 62.5808 61.7566 60.9331 60.1103 59.2883 58.4671 57.6467 56.8271 56.0084 55.1905 54.3736 53.5575 52.7424 51.9282 51.115 50.3028 49.4915 48.6813 47.8721 47.0639 46.2567 45.4506 44.6455 43.8415 43.0385 42.2366 41.4358 40.6361 39.8374 39.0398 38.2433 37.4478 36.6534 35.8601 35.0678 34.2766 33.4864 32.6973 31.9092 31.122 30.3359 29.5508 28.7666 27.9835 27.2012 26.4199 25.6395 24.86 24.0813 23.3035 22.5265 21.7504 20.975 20.2004 19.4266 18.6534 17.881 17.1092 16.3381 15.5675 14.7976 14.0282 13.2593 12.491 11.7231 10.9556 10.1886 9.42189 8.65556 7.88955 7.12381 6.35832 5.59305 4.82796 4.06302 3.2982 2.53346 1.76877 1.0041 0.239403 -0.52534 -1.29017 -2.05512 -2.82022 -3.5855 -4.35101 -5.11677 -5.88282 -6.64918 -7.4159 -8.183 -8.95051 -9.71848 -10.4869 -11.2559 -12.0254 -12.7955 -13.5661 -14.3374 -15.1094 -15.882 -16.6554 -17.4295 -18.2044 -18.9801 -19.7566 -20.5339 -21.3121 -22.0913 -22.8713 -23.6522 -24.4342 -25.217 -26.0009 -26.7858 -27.5718 -28.3588 -29.1468 -29.9359 -30.7261 -31.5174 -32.3099 -33.1034 -33.8981 -34.6939 -35.4909 -36.2891 -37.0883 -37.8888 -38.6904 -39.4932 -40.2972 -41.1023 -41.9086 -42.7161 -43.5247 -44.3345 -45.1454 -45.9574 -46.7706 -47.5849 -48.4004 -49.2169 -50.0345 -50.8532 -51.6729 -52.4937 -53.3155 -54.1383 -54.9621 -55.7869 -56.6126 -57.4392 -58.2667 -59.0951 -59.9243 -60.7543 -61.5852 -62.4168 -63.2491 -64.0822 -64.9159 -65.7503 -66.5852 -67.4208 -68.2569 -69.0935 -69.9306 -70.7681 -71.6061 -72.4444 -73.2831 -74.122 -74.9612 -75.8007 -76.6403 -77.4801 -78.32 -79.16 -80 
79 78.1766 77.3533 76.5301 75.707 74.884 74.0612 73.2386 72.4163 71.5942 70.7725 69.9512 69.1302 68.3097 67.4896 66.67 65.851 65.0325 64.2146 63.3974 62.5808 61.7649 60.9496 60.1352 59.3215 58.5085 57.6964 56.8852 56.0748 55.2653 54.4567 53.649 52.8423 52.0366 51.2318 50.428 49.6253 48.8236 48.0229 47.2233 46.4248 45.6273 44.8309 44.0357 43.2415 42.4484 41.6565 40.8657 40.0759 39.2873 38.4999 37.7135 36.9282 36.1441 35.3611 34.5791 33.7983 33.0185 32.2399 31.4623 30.6857 29.9102 29.1357 28.3622 27.5898 26.8183 26.0478 25.2782 24.5096 23.7418 22.975 22.209 21.4439 20.6796 19.9161 19.1533 18.3913 17.6301 16.8695 16.1096 15.3503 14.5916 13.8336 13.076 12.319 11.5625 10.8064 10.0508 9.29551 8.54062 7.78605 7.03177 6.27776 5.52396 4.77036 4.01692 3.26359 2.51035 1.75716 1.00399 0.250803 -0.502441 -1.25577 -2.00923 -2.76285 -3.51666 -4.2707 -5.025 -5.77961 -6.53454 -7.28985 -8.04555 -8.80169 -9.5583 -10.3154 -11.073 -11.8312 -12.59 -13.3495 -14.1096 -14.8703 -15.6318 -16.3941 -17.1571 -17.9209 -18.6856 -19.4511 -20.2175 -20.9848 -21.753 -22.5222 -23.2923 -24.0635 -24.8357 -25.6089 -26.3831 -27.1585 -27.9349 -28.7125 -29.4911 -30.2709 -31.0519 -31.834 -32.6173 -33.4018 -34.1874 -34.9743 -35.7624 -36.5516 -37.3421 -38.1338 -38.9268 -39.7209 -40.5163 -41.3128 -42.1106 -42.9096 -43.7098 -44.5112 -45.3138 -46.1176 -46.9225 -47.7286 -48.5359 -49.3443 -50.1537 -50.9643 -51.776 -52.5888 -53.4026 -54.2174 -55.0332 -55.85 -56.6678 -57.4865 -58.3061 -59.1266 -59.9479 -60.7701 -61.5931 -62.4168 -63.2413 -64.0664 -64.8923 -65.7188 -66.5459 -67.3735 -68.2017 -69.0304 -69.8595 -70.6891 -71.5191 -72.3494 -73.1801 -74.011 -74.8421 -75.6734 -76.5049 -77.3366 -78.1683 -79 
78 77.1853 76.3707 75.5562 74.7417 73.9275 73.1134 72.2995 71.4859 70.6726 69.8597 69.0471 68.235 67.4232 66.612 65.8013 64.9911 64.1815 63.3725 62.5642 61.7566 60.9496 60.1434 59.338 58.5334 57.7296 56.9266 56.1245 55.3233 54.5231 53.7238 52.9254 52.128 51.3317 50.5364 49.7421 48.9488 48.1567 47.3656 46.5756 45.7868 44.999 44.2124 43.427 42.6427 41.8595 41.0775 40.2966 39.5169 38.7384 37.961 37.1848 36.4098 35.6359 34.8631 34.0915 33.3211 32.5518 31.7835 31.0164 30.2504 29.4855 28.7216 27.9588 27.1971 26.4363 25.6766 24.9179 24.1601 23.4032 22.6473 21.8923 21.1382 20.3849 19.6325 18.8808 18.13 17.3798 16.6304 15.8817 15.1337 14.3863 13.6395 12.8932 12.1475 11.4023 10.6576 9.91336 9.16949 8.426 7.68284 6.93999 6.1974 5.45505 4.7129 3.97091 3.22905 2.48727 1.74555 1.00385 0.262122 -0.47966 -1.22153 -1.96354 -2.70571 -3.44808 -4.19069 -4.93358 -5.67677 -6.42032 -7.16424 -7.90859 -8.65338 -9.39866 -10.1445 -10.8908 -11.6378 -12.3853 -13.1335 -13.8825 -14.6321 -15.3824 -16.1336 -16.8855 -17.6383 -18.392 -19.1465 -19.902 -20.6584 -21.4157 -22.1741 -22.9335 -23.6939 -24.4554 -25.2179 -25.9816 -26.7463 -27.5122 -28.2793 -29.0475 -29.8169 -30.5875 -31.3594 -32.1324 -32.9067 -33.6822 -34.4589 -35.2369 -36.0162 -36.7967 -37.5785 -38.3615 -39.1459 -39.9315 -40.7183 -41.5064 -42.2958 -43.0864 -43.8783 -44.6714 -45.4657 -46.2613 -47.0581 -47.856 -48.6551 -49.4554 -50.2568 -51.0594 -51.8631 -52.6678 -53.4737 -54.2805 -55.0884 -55.8973 -56.7072 -57.518 -58.3297 -59.1423 -59.9558 -60.7701 -61.5852 -62.401 -63.2176 -64.0349 -64.8529 -65.6715 -66.4907 -67.3104 -68.1306 -68.9514 -69.7726 -70.5941 -71.4161 -72.2384 -73.0609 -73.8837 -74.7067 -75.5299 -76.3532 -77.1766 -78 
77 76.1941 75.3882 74.5824 73.7767 72.9712 72.1658 71.3607 70.5559 69.7514 68.9473 68.1435 67.3402 66.5373 65.7349 64.9331 64.1318 63.3311 62.5311 61.7317 60.9331 60.1352 59.338 58.5417 57.7461 56.9515 56.1577 55.3648 54.5728 53.7818 52.9918 52.2028 51.4148 50.6279 49.842 49.0572 48.2735 47.4909 46.7094 45.9291 45.1499 44.3719 43.5951 42.8194 42.045 41.2717 40.4996 39.7288 38.9591 38.1906 37.4234 36.6573 35.8925 35.1288 34.3664 33.6051 32.845 32.0861 31.3283 30.5717 29.8163 29.0619 28.3087 27.5565 26.8054 26.0554 25.3065 24.5585 23.8116 23.0656 22.3206 21.5765 20.8334 20.0911 19.3497 18.6091 17.8693 17.1304 16.3921 15.6546 14.9177 14.1815 13.446 12.711 11.9766 11.2427 10.5093 9.77635 9.04384 8.31171 7.57993 6.84846 6.11727 5.38633 4.65559 3.92502 3.19458 2.46423 1.73393 1.00365 0.273355 -0.457002 -1.18746 -1.91805 -2.64881 -3.37978 -4.111 -4.8425 -5.57433 -6.30652 -7.0391 -7.77212 -8.50561 -9.2396 -9.97413 -10.7092 -11.445 -12.1813 -12.9184 -13.6561 -14.3946 -15.1339 -15.8739 -16.6149 -17.3566 -18.0993 -18.8429 -19.5875 -20.333 -21.0795 -21.8271 -22.5757 -23.3254 -24.0762 -24.8281 -25.5812 -26.3354 -27.0908 -27.8474 -28.6052 -29.3642 -30.1245 -30.886 -31.6488 -32.4128 -33.1782 -33.9448 -34.7128 -35.482 -36.2526 -37.0245 -37.7976 -38.5721 -39.348 -40.1251 -40.9035 -41.6833 -42.4643 -43.2466 -44.0302 -44.8151 -45.6013 -46.3887 -47.1773 -47.9672 -48.7582 -49.5505 -50.3439 -51.1385 -51.9342 -52.731 -53.5289 -54.3278 -55.1278 -55.9288 -56.7308 -57.5337 -58.3376 -59.1423 -59.9479 -60.7543 -61.5616 -62.3696 -63.1783 -63.9876 -64.7977 -65.6084 -66.4196 -67.2314 -68.0437 -68.8564 -69.6695 -70.4831 -71.2969 -72.1111 -72.9255 -73.7402 -74.555 -75.3699 -76.1849 -77 
