100 98 96 94 92 90 88 86 84 82 80 78 76 74 72 70 68 66 64 62 60 58 56 54 52 50 48 46 44 42 40 38 36 34 32 30 28 26 24 22 20 18 16 14 12 10 8 6 4 2 0 -2 -4 -6 -8 -10 -12 -14 -16 -18 -20 -22 -24 -26 -28 -30 -32 -34 -36 -38 -40 -42 -44 -46 -48 -50 -52 -54 -56 -58 -60 -62 -64 -66 -68 -70 -72 -74 -76 -78 -80 -82 -84 -86 -88 -90 -92 -94 -96 -98 -100 
98 95.911 93.824 91.74 89.6597 87.5841 85.5138 83.4497 81.3922 79.3419 77.2991 75.2643 73.2377 71.2193 69.2092 67.2074 65.2139 63.2283 61.2506 59.2804 57.3174 55.3613 53.4117 51.4681 49.5302 47.5976 45.6699 43.7466 41.8274 39.9119 37.9997 36.0905 34.184 32.2799 30.3778 28.4776 26.5791 24.6819 22.786 20.8911 18.9971 17.104 15.2114 13.3195 11.428 9.53688 7.64611 5.7556 3.8653 1.97515 0.0851204 -1.80484 -3.69478 -5.58473 -7.47475 -9.36489 -11.2552 -13.1458 -15.0367 -16.928 -18.8198 -20.7123 -22.6055 -24.4998 -26.3952 -28.2919 -30.1903 -32.0906 -33.9931 -35.8982 -37.8062 -39.7175 -41.6326 -43.5519 -45.4759 -47.4051 -49.3399 -51.2808 -53.2283 -55.1829 -57.1451 -59.1151 -61.0933 -63.08 -65.0755 -67.0797 -69.0929 -71.1148 -73.1454 -75.1844 -77.2315 -79.2861 -81.3478 -83.4158 -85.4894 -87.5679 -89.6503 -91.7356 -93.8231 -95.9115 -98 
96 93.824 91.652 89.4857 87.327 85.1774 83.0386 80.9117 78.7982 76.6988 74.6145 72.5458 70.4933 68.4573 66.4377 64.4346 62.4478 60.4769 58.5216 56.5811 54.655 52.7426 50.843 48.9555 47.0793 45.2136 43.3576 41.5104 39.6714 37.8397 36.0146 34.1955 32.3817 30.5726 28.7678 26.9666 25.1686 23.3735 21.5808 19.7903 18.0016 16.2144 14.4285 12.6438 10.86 9.07698 7.29462 5.51279 3.73137 1.95027 0.169398 -1.61134 -3.39202 -5.17274 -6.9536 -8.73469 -10.5161 -12.2981 -14.0807 -15.8641 -17.6486 -19.4344 -21.2217 -23.011 -24.8026 -26.597 -28.3946 -30.196 -32.0018 -33.8127 -35.6295 -37.4529 -39.2838 -41.1231 -42.9717 -44.8306 -46.7007 -48.583 -50.4784 -52.3879 -54.3123 -56.2524 -58.2087 -60.182 -62.1726 -64.1806 -66.2063 -68.2495 -70.3098 -72.3868 -74.4797 -76.5877 -78.7096 -80.8441 -82.9898 -85.145 -87.308 -89.4769 -91.6499 -93.8249 -96 
94 91.74 89.4857 87.24 85.0055 82.7846 80.5795 78.3923 76.2247 74.0781 71.954 69.853 67.776 65.7234 63.6953 61.6916 59.7121 57.7563 55.8235 53.9129 52.0236 50.1545 48.3046 46.4727 44.6576 42.8581 41.073 39.3011 37.5412 35.7923 34.0533 32.3231 30.6009 28.8858 27.1769 25.4735 23.775 22.0806 20.3899 18.7024 17.0176 15.3351 13.6546 11.9758 10.2984 8.62217 6.94691 5.27243 3.59858 1.92521 0.252178 -1.42065 -3.0934 -4.76621 -6.43922 -8.11259 -9.78649 -11.4611 -13.1368 -14.8136 -16.4921 -18.1725 -19.8552 -21.5409 -23.23 -24.9232 -26.6213 -28.325 -30.0354 -31.7533 -33.48 -35.2166 -36.9643 -38.7245 -40.4985 -42.2879 -44.094 -45.9182 -47.762 -49.6266 -51.5134 -53.4235 -55.3579 -57.3173 -59.3023 -61.3134 -63.3506 -65.4138 -67.5025 -69.6158 -71.7529 -73.9123 -76.0923 -78.291 -80.5062 -82.7357 -84.9766 -87.2264 -89.4822 -91.741 -94 
92 89.6597 87.327 85.0055 82.6987 80.4097 78.1416 75.897 73.6781 71.4869 69.3252 67.194 65.0943 63.0266 60.9912 58.988 57.0166 55.0764 53.1665 51.2858 49.4332 47.6073 45.8066 44.0297 42.2749 40.5407 38.8255 37.1277 35.4458 33.7784 32.1241 30.4814 28.8493 27.2265 25.612 24.0048 22.404 20.8087 19.2183 17.6321 16.0494 14.4699 12.893 11.3183 9.74549 8.17425 6.60429 5.03537 3.46729 1.89984 0.332839 -1.23389 -2.80051 -4.36722 -5.93419 -7.50164 -9.0698 -10.639 -12.2094 -13.7815 -15.3557 -16.9325 -18.5124 -20.0961 -21.6845 -23.2783 -24.8785 -26.4862 -28.1027 -29.7292 -31.3672 -33.0183 -34.6842 -36.3665 -38.0672 -39.788 -41.5309 -43.2977 -45.0902 -46.9104 -48.7597 -50.6396 -52.5516 -54.4965 -56.4752 -58.4882 -60.5356 -62.6171 -64.7322 -66.8799 -69.0587 -71.2668 -73.5021 -75.762 -78.0437 -80.344 -82.6595 -84.9867 -87.3217 -89.6608 -92 
90 87.5841 85.1774 82.7846 80.4097 78.0568 75.7296 73.4311 71.1643 68.9317 66.7351 64.5762 62.456 60.3752 58.3342 56.3327 54.3705 52.4465 50.56 48.7094 46.8935 45.1104 43.3585 41.6358 39.9404 38.2705 36.6239 34.9989 33.3936 31.8061 30.2347 28.6778 27.134 25.6016 24.0795 22.5664 21.0612 19.5629 18.0707 16.5836 15.101 13.6222 12.1466 10.6739 9.20342 7.73492 6.26801 4.8024 3.33783 1.87404 0.410807 -1.05208 -2.51485 -3.97771 -5.44091 -6.90471 -8.36939 -9.83529 -11.3028 -12.7724 -14.2445 -15.7199 -17.1992 -18.6832 -20.1729 -21.6694 -23.1738 -24.6875 -26.2121 -27.749 -29.3002 -30.8676 -32.4532 -34.0591 -35.6876 -37.341 -39.0216 -40.7318 -42.4737 -44.2496 -46.0614 -47.9111 -49.8001 -51.7297 -53.701 -55.7145 -57.7703 -59.8682 -62.0074 -64.1867 -66.4042 -68.6579 -70.9451 -73.2625 -75.6068 -77.9739 -80.3598 -82.7601 -85.17 -87.5849 -90 
88 85.5138 83.0386 80.5795 78.1416 75.7296 73.3476 70.9996 68.6889 66.4184 64.1903 62.0066 59.8685 57.7769 55.7321 53.734 51.782 49.8753 48.0127 46.1925 44.4132 42.6727 40.9689 39.2997 37.6627 36.0558 34.4765 32.9228 31.3922 29.8828 28.3924 26.9192 25.4614 24.0173 22.5853 21.1639 19.752 18.3482 16.9515 15.561 14.1758 12.7952 11.4184 10.0449 8.67419 7.30576 5.93925 4.57427 3.21053 1.84771 0.485566 -0.876177 -2.23777 -3.59948 -4.9616 -6.32441 -7.68829 -9.05362 -10.4209 -11.7906 -13.1634 -14.5399 -15.9212 -17.3081 -18.7017 -20.1033 -21.5143 -22.9364 -24.3712 -25.8209 -27.2873 -28.7729 -30.28 -31.8112 -33.3691 -34.9564 -36.5758 -38.2301 -39.922 -41.654 -43.4283 -45.2473 -47.1128 -49.0262 -50.9887 -53.001 -55.0633 -57.1751 -59.3356 -61.5433 -63.7963 -66.0918 -68.4267 -70.7974 -73.1997 -75.629 -78.0804 -80.5487 -83.0284 -85.514 -88 
86 83.4497 80.9117 78.3923 75.897 73.4311 70.9996 68.6068 66.2567 63.9523 61.6966 59.4914 57.3385 55.2386 53.1922 51.1992 49.2589 47.3705 45.5324 43.743 42.0002 40.302 38.6458 37.0291 35.4495 33.9042 32.3907 30.9064 29.4487 28.0153 26.6037 25.2119 23.8377 22.4792 21.1346 19.8023 18.4808 17.1687 15.8648 14.568 13.2773 11.9919 10.7109 9.43366 8.15962 6.88825 5.61907 4.35168 3.0857 1.82079 0.55666 -0.707007 -1.9705 -3.23414 -4.49823 -5.76314 -7.02927 -8.29709 -9.56711 -10.84 -12.1164 -13.3971 -14.6833 -15.9759 -17.2763 -18.5859 -19.9063 -21.2394 -22.5872 -23.9519 -25.336 -26.742 -28.1727 -29.631 -31.1199 -32.6425 -34.202 -35.8015 -37.4439 -39.1322 -40.8691 -42.6571 -44.4983 -46.3943 -48.3465 -50.3557 -52.4219 -54.5449 -56.7236 -58.9563 -61.2407 -63.5738 -65.952 -68.371 -70.8262 -73.3123 -75.8237 -78.3544 -80.8983 -83.449 -86 
84 81.3922 78.7982 76.2247 73.6781 71.1643 68.6889 66.2567 63.8719 61.5384 59.259 57.0362 54.8716 52.7663 50.7207 48.7348 46.8079 44.9388 43.1261 41.3678 39.6617 38.0054 36.3961 34.8311 33.3076 31.8225 30.373 28.9562 27.5693 26.2096 24.8744 23.5613 22.2681 20.9924 19.7324 18.4862 17.2521 16.0286 14.8143 13.6079 12.4085 11.2149 10.0264 8.84207 7.66138 6.48368 5.30846 4.13525 2.96364 1.79324 0.623707 -0.545299 -1.71411 -2.88308 -4.05257 -5.22298 -6.39476 -7.56844 -8.74461 -9.92397 -11.1073 -12.2956 -13.4899 -14.6915 -15.9019 -17.1225 -18.3554 -19.6024 -20.866 -22.1486 -23.4528 -24.7817 -26.1382 -27.5257 -28.9475 -30.407 -31.9079 -33.4534 -35.0471 -36.6921 -38.3915 -40.148 -41.964 -43.8413 -45.7815 -47.7854 -49.8531 -51.9842 -54.1776 -56.4313 -58.7429 -61.1088 -63.5252 -65.9873 -68.4897 -71.0268 -73.5921 -76.1791 -78.7808 -81.3902 -84 
82 79.3419 76.6988 74.0781 71.4869 68.9317 66.4184 63.9523 61.5384 59.1805 56.882 54.6455 52.4728 50.3652 48.3231 46.3465 44.4346 42.5862 40.7997 39.073 37.4036 35.7888 34.2259 32.7116 31.2428 29.8164 28.4291 27.0778 25.7594 24.4709 23.2095 21.9724 20.7571 19.5613 18.3827 17.2193 16.0693 14.931 13.8029 12.6835 11.5718 10.4665 9.36686 8.2719 7.1809 6.09322 5.00829 3.92557 2.84463 1.76503 0.686397 -0.391657 -1.4695 -2.54751 -3.6261 -4.70571 -5.78684 -6.87006 -7.95605 -9.04556 -10.1395 -11.2389 -12.3449 -13.459 -14.5827 -15.7178 -16.8663 -18.0306 -19.213 -20.4164 -21.6436 -22.8979 -24.1827 -25.5016 -26.8582 -28.2563 -29.6998 -31.1925 -32.7381 -34.3401 -36.0019 -37.7265 -39.5163 -41.3736 -43.2999 -45.2961 -47.3624 -49.4983 -51.7026 -53.9732 -56.3072 -58.701 -61.1501 -63.6495 -66.1931 -68.7748 -71.3876 -74.0242 -76.677 -79.3382 -82 
80 77.2991 74.6145 71.954 69.3252 66.7351 64.1903 61.6966 59.259 56.882 54.5691 52.3232 50.1463 48.0396 46.0039 44.0389 42.1439 40.3176 38.5582 36.8635 35.2309 33.6575 32.1401 30.6754 29.2601 27.8907 26.5637 25.2758 24.0235 22.8036 21.6132 20.4491 19.3088 18.1896 17.0891 16.0051 14.9357 13.879 12.8333 11.7973 10.7695 9.74877 8.73412 7.72461 6.71943 5.71787 4.7193 3.72315 2.72894 1.73619 0.744497 -0.246563 -1.23739 -2.2284 -3.22004 -4.2128 -5.20721 -6.20391 -7.20361 -8.20716 -9.21551 -10.2298 -11.2513 -12.2816 -13.3224 -14.3755 -15.4433 -16.5281 -17.6326 -18.7599 -19.913 -21.0956 -22.3113 -23.5638 -24.8573 -26.1958 -27.5834 -29.0243 -30.5226 -32.0819 -33.706 -35.398 -37.1607 -38.9964 -40.9067 -42.8927 -44.9546 -47.0919 -49.3031 -51.586 -53.9376 -56.3538 -58.8299 -61.3604 -63.9388 -66.5585 -69.2118 -71.8909 -74.5876 -77.2934 -80 
78 75.2643 72.5458 69.853 67.194 64.5762 62.0066 59.4914 57.0362 54.6455 52.3232 50.0724 47.8952 45.793 43.7665 41.8155 39.9394 38.1367 36.4054 34.7434 33.1476 31.6152 30.1427 28.7267 27.3635 26.0493 24.7807 23.5538 22.3651 21.2112 20.0888 18.9948 17.9261 16.8801 15.8542 14.8461 13.8536 12.8747 11.9078 10.9511 10.0033 9.06317 8.12954 7.20144 6.278 5.35845 4.44213 3.52842 2.6168 1.70676 0.79785 -0.110372 -1.01834 -1.92651 -2.83536 -3.7454 -4.65724 -5.57153 -6.48905 -7.4107 -8.33753 -9.27075 -10.2117 -11.1621 -12.1238 -13.0987 -14.0893 -15.0982 -16.1283 -17.1827 -18.2649 -19.3786 -20.5278 -21.7164 -22.9489 -24.2296 -25.5629 -26.9532 -28.4048 -29.9218 -31.508 -33.1668 -34.9013 -36.7138 -38.6061 -40.5793 -42.6336 -44.7684 -46.9823 -49.2729 -51.6369 -54.0699 -56.567 -59.1222 -61.7287 -64.3793 -67.0659 -69.7801 -72.5132 -75.2562 -78 
76 73.2377 70.4933 67.776 65.0943 62.456 59.8685 57.3385 54.8716 52.4728 50.1463 47.8952 45.7218 43.6277 41.6136 39.6792 37.824 36.0463 34.3443 32.7154 31.1568 29.665 28.2368 26.8683 25.5557 24.2952 23.0828 21.9146 20.787 19.6963 18.639 17.6118 16.6115 15.6353 14.6804 13.7444 12.825 11.9201 11.0278 10.1465 9.2747 8.41099 7.55421 6.70333 5.85741 5.01564 4.1773 3.34176 2.50843 1.6768 0.846373 0.0166804 -0.812743 -1.64238 -2.47273 -3.30436 -4.1379 -4.97405 -5.81364 -6.65763 -7.50712 -8.3634 -9.22796 -10.1025 -10.989 -11.8896 -12.8069 -13.7435 -14.7027 -15.6876 -16.7021 -17.7499 -18.8353 -19.9625 -21.1362 -22.3609 -23.6414 -24.9822 -26.388 -27.8629 -29.4111 -31.0362 -32.7412 -34.5289 -36.401 -38.3586 -40.402 -42.5307 -44.7429 -47.0363 -49.4073 -51.8514 -54.3632 -56.9365 -59.5642 -62.2384 -64.9509 -67.6926 -70.4544 -73.2267 -76 
74 71.2193 68.4573 65.7234 63.0266 60.3752 57.7769 55.2386 52.7663 50.3652 48.0396 45.793 43.6277 41.5454 39.5467 37.6317 35.7994 34.0485 32.3767 30.7817 29.2602 27.8089 26.4242 25.1022 23.8389 22.6301 21.472 20.3603 19.2911 18.2608 17.2655 16.3019 15.3666 14.4566 13.5691 12.7014 11.8512 11.0163 10.1947 9.38467 8.58461 7.79312 7.00894 6.23097 5.45825 4.68992 3.92521 3.16345 2.40403 1.64641 0.890055 0.134482 -0.620806 -1.37631 -2.13258 -2.8902 -3.64982 -4.4122 -5.17821 -5.94885 -6.72529 -7.50889 -8.3012 -9.10403 -9.91941 -10.7497 -11.5975 -12.4656 -13.3574 -14.2764 -15.2263 -16.2113 -17.2357 -18.3041 -19.4212 -20.5919 -21.8211 -23.1136 -24.4742 -25.9074 -27.4174 -29.0081 -30.6826 -32.4437 -34.2933 -36.2325 -38.2618 -40.3803 -42.5865 -44.8777 -47.2502 -49.6995 -52.2197 -54.8044 -57.4461 -60.1367 -62.8674 -65.6289 -68.4115 -71.2052 -74 
72 69.2092 66.4377 63.6953 60.9912 58.3342 55.7321 53.1922 50.7207 48.3231 46.0039 43.7665 41.6136 39.5467 37.5668 35.6737 33.8666 32.1439 30.5036 28.943 27.459 26.0479 24.7061 23.4295 22.214 21.0553 19.9493 18.8917 17.8784 16.9055 15.9693 15.066 14.1922 13.3449 12.5211 11.7179 10.933 10.1641 9.40907 8.66614 7.93363 7.21009 6.4942 5.78482 5.08093 4.38163 3.68612 2.99371 2.30376 1.61569 0.92895 0.243029 -0.442592 -1.12844 -1.81508 -2.50313 -3.19328 -3.88632 -4.58315 -5.28482 -5.99256 -6.70776 -7.43208 -8.16737 -8.91577 -9.6797 -10.4619 -11.2654 -12.0935 -12.9499 -13.8385 -14.7637 -15.73 -16.7421 -17.8049 -18.9236 -20.103 -21.3484 -22.6646 -24.0564 -25.5281 -27.0836 -28.7263 -30.4591 -32.284 -34.2021 -36.2137 -38.3182 -40.5138 -42.7979 -45.1665 -47.6149 -50.1371 -52.7264 -55.375 -58.0746 -60.8158 -63.5892 -66.3846 -69.1916 -72 
70 67.2074 64.4346 61.6916 58.988 56.3327 53.734 51.1992 48.7348 46.3465 44.0389 41.8155 39.6792 37.6317 35.6737 33.8052 32.0254 30.3327 28.725 27.1996 25.7531 24.382 23.0825 21.8502 20.6811 19.5708 18.5149 17.509 16.549 15.6308 14.7505 13.9043 13.0888 12.3005 11.5366 10.7942 10.0706 9.36368 8.67115 7.99116 7.32199 6.66212 6.01021 5.36506 4.72561 4.09094 3.46022 2.83271 2.20777 1.58477 0.963173 0.342423 -0.278011 -0.898681 -1.52017 -2.14313 -2.76826 -3.39639 -4.02845 -4.66554 -5.30892 -5.96005 -6.62061 -7.29256 -7.97809 -8.6797 -9.40022 -10.1428 -10.9108 -11.7082 -12.5389 -13.4074 -14.3184 -15.2767 -16.2875 -17.3559 -18.4872 -19.6866 -20.9592 -22.3098 -23.743 -25.2627 -26.8725 -28.5753 -30.3731 -32.2672 -34.2578 -36.3443 -38.5249 -40.7968 -43.156 -45.5976 -48.1154 -50.7025 -53.3509 -56.0519 -58.7961 -61.5735 -64.3737 -67.1861 -70 
68 65.2139 62.4478 59.7121 57.0166 54.3705 51.782 49.2589 46.8079 44.4346 42.1439 39.9394 37.824 35.7994 33.8666 32.0254 30.2751 28.6141 27.0401 25.5505 24.1419 22.8106 21.5526 20.3638 19.2398 18.176 17.1682 16.2118 15.3025 14.4362 13.6088 12.8165 12.0557 11.3231 10.6154 9.92992 9.26387 8.61488 7.98077 7.35959 6.74956 6.14913 5.55691 4.97167 4.39231 3.81789 3.24755 2.68053 2.11616 1.5538 0.99289 0.43286 -0.126842 -0.686785 -1.24757 -1.80987 -2.37441 -2.94204 -3.51373 -4.09059 -4.67393 -5.26526 -5.86631 -6.47907 -7.10581 -7.7491 -8.41184 -9.09724 -9.80885 -10.5506 -11.3266 -12.1414 -12.9999 -13.907 -14.868 -15.8881 -16.9728 -18.1274 -19.3571 -20.6669 -22.0613 -23.5446 -25.1202 -26.7913 -28.5598 -30.427 -32.3933 -34.4579 -36.6191 -38.8738 -41.2182 -43.647 -46.1541 -48.7323 -51.3734 -54.0685 -56.808 -59.5817 -62.3788 -65.1886 -68 
66 63.2283 60.4769 57.7563 55.0764 52.4465 49.8753 47.3705 44.9388 42.5862 40.3176 38.1367 36.0463 34.0485 32.1439 30.3327 28.6141 26.9864 25.4474 23.9942 22.6237 21.332 20.1151 18.9687 17.8884 16.8696 15.9079 14.9987 14.1376 13.3205 12.543 11.8015 11.0922 10.4117 9.75669 9.12437 8.51197 7.91704 7.33736 6.77091 6.21591 5.67074 5.13399 4.6044 4.08085 3.56236 3.04806 2.53718 2.02901 1.52292 1.01832 0.514616 0.0112573 -0.492347 -0.996815 -1.50283 -2.01114 -2.52261 -3.03824 -3.55918 -4.08675 -4.62249 -5.16818 -5.72585 -6.29783 -6.88673 -7.49551 -8.12746 -8.78619 -9.47567 -10.2002 -10.9644 -11.7731 -12.6315 -13.5448 -14.5186 -15.5582 -16.6691 -17.8566 -19.1258 -20.4813 -21.9275 -23.4678 -25.1054 -26.8424 -28.6801 -30.6187 -32.6576 -34.7949 -37.0277 -39.3518 -41.7621 -44.2522 -46.8148 -49.4417 -52.1237 -54.851 -57.6133 -60.3996 -63.1989 -66 
64 61.2506 58.5216 55.8235 53.1665 50.56 48.0127 45.5324 43.1261 40.7997 38.5582 36.4054 34.3443 32.3767 30.5036 28.725 27.0401 25.4474 23.9445 22.5286 21.1964 19.9441 18.7677 17.6628 16.6249 15.6495 14.732 13.8679 13.0526 12.2819 11.5516 10.8577 10.1967 9.56486 8.95907 8.37631 7.81383 7.26915 6.73999 6.22431 5.7203 5.22631 4.74091 4.2628 3.79087 3.3241 2.86161 2.40261 1.94639 1.49228 1.0397 0.58804 0.136733 -0.314821 -0.767253 -1.22126 -1.6776 -2.13717 -2.60097 -3.07018 -3.54613 -4.03041 -4.52481 -5.0314 -5.55254 -6.09089 -6.64945 -7.23156 -7.84089 -8.48145 -9.15762 -9.87406 -10.6357 -11.4478 -12.3156 -13.2448 -14.2408 -15.3091 -16.4552 -17.6841 -19.0005 -20.4089 -21.9128 -23.5153 -25.2186 -27.024 -28.9318 -30.9412 -33.0504 -35.2565 -37.5551 -39.9412 -42.4083 -44.9489 -47.5547 -50.2165 -52.9244 -55.6678 -58.4357 -61.2169 -64 
62 59.2804 56.5811 53.9129 51.2858 48.7094 46.1925 43.743 41.3678 39.073 36.8635 34.7434 32.7154 30.7817 28.943 27.1996 25.5505 23.9942 22.5286 21.1506 19.8571 18.6441 17.5077 16.4434 15.4468 14.5132 13.6381 12.8169 12.045 11.3182 10.6322 9.98317 9.36722 8.78086 8.22085 7.68414 7.16798 6.66983 6.18741 5.71867 5.26174 4.81498 4.37693 3.94629 3.5219 3.10277 2.68798 2.27673 1.8683 1.46204 1.05731 0.653538 0.250119 -0.153547 -0.558102 -0.964246 -1.37277 -1.78455 -2.20062 -2.62216 -3.05055 -3.48735 -3.93441 -4.3938 -4.86791 -5.35944 -5.87141 -6.40718 -6.97047 -7.56534 -8.19617 -8.86769 -9.58489 -10.353 -11.1775 -12.0638 -13.0176 -14.0445 -15.1497 -16.3386 -17.6158 -18.9858 -20.4521 -22.018 -23.6855 -25.456 -27.3298 -29.3061 -31.3832 -33.5579 -35.826 -38.1824 -40.6205 -43.1329 -45.7111 -48.3459 -51.0272 -53.7445 -56.4866 -59.2422 -62 
60 57.3174 54.655 52.0236 49.4332 46.8935 44.4132 42.0002 39.6617 37.4036 35.2309 33.1476 31.1568 29.2602 27.459 25.7531 24.1419 22.6237 21.1964 19.8571 18.6024 17.4287 16.3317 15.3072 14.3507 13.4575 12.6231 11.8428 11.1121 10.4267 9.78248 9.17532 8.60149 8.05747 7.53996 7.04594 6.57261 6.11745 5.67814 5.25262 4.83902 4.43568 4.04114 3.65407 3.27333 2.89789 2.52684 2.15938 1.79476 1.43233 1.07147 0.711561 0.352019 -0.00776807 -0.36845 -0.730734 -1.09541 -1.46338 -1.83567 -2.21348 -2.59818 -2.99136 -3.39487 -3.81081 -4.24157 -4.68986 -5.15872 -5.65153 -6.17203 -6.72428 -7.31271 -7.94204 -8.61729 -9.34371 -10.1268 -10.972 -11.885 -12.8714 -13.9365 -15.0856 -16.3234 -17.6544 -19.0821 -20.6098 -22.2395 -23.9726 -25.8094 -27.7492 -29.7901 -31.9291 -34.1619 -36.4833 -38.8868 -41.3649 -43.9092 -46.5104 -49.1584 -51.8425 -54.5518 -57.2748 -60 
58 55.3613 52.7426 50.1545 47.6073 45.1104 42.6727 40.302 38.0054 35.7888 33.6575 31.6152 29.665 27.8089 26.0479 24.382 22.8106 21.332 19.9441 18.6441 17.4287 16.294 15.2361 14.2507 13.3331 12.479 11.6835 10.9423 10.2507 9.60442 8.99932 8.43138 7.89683 7.39215 6.91404 6.45948 6.02568 5.6101 5.21043 4.8246 4.45074 4.08719 3.73247 3.38527 3.04443 2.70892 2.37783 2.05034 1.72573 1.40331 1.08247 0.762596 0.443094 0.123348 -0.197294 -0.519542 -0.844191 -1.17214 -1.50443 -1.84225 -2.18699 -2.54024 -2.90384 -3.2799 -3.67082 -4.0793 -4.50839 -4.96147 -5.44227 -5.95487 -6.50369 -7.09344 -7.72913 -8.41603 -9.15957 -9.9653 -10.8388 -11.7857 -12.8114 -13.9209 -15.1193 -16.4106 -17.7988 -19.2868 -20.8768 -22.5701 -24.3671 -26.2671 -28.268 -30.367 -32.5599 -34.8413 -37.2048 -39.6429 -42.1473 -44.7085 -47.3167 -49.9611 -52.6307 -55.3141 -58 
56 53.4117 50.843 48.3046 45.8066 43.3585 40.9689 38.6458 36.3961 34.2259 32.1401 30.1427 28.2368 26.4242 24.7061 23.0825 21.5526 20.1151 18.7677 17.5077 16.3317 15.2361 14.2169 13.2698 12.3902 11.5737 10.8158 10.1117 9.45723 8.84788 8.27956 7.74828 7.25031 6.78214 6.34049 5.92234 5.52492 5.1457 4.78237 4.43288 4.09535 3.76813 3.44975 3.13889 2.83439 2.53523 2.2405 1.94938 1.66113 1.3751 1.09064 0.807152 0.524041 0.240689 -0.0435554 -0.329404 -0.617651 -0.909197 -1.20508 -1.50648 -1.8148 -2.13161 -2.45876 -2.79834 -3.15275 -3.52468 -3.91717 -4.33359 -4.77765 -5.25341 -5.76526 -6.3179 -6.91633 -7.56576 -8.27161 -9.0394 -9.87471 -10.7831 -11.7698 -12.8401 -13.9988 -15.25 -16.5976 -18.0446 -19.593 -21.2444 -22.9989 -24.8558 -26.8133 -28.8684 -31.0168 -33.2535 -35.5718 -37.9645 -40.4232 -42.9386 -45.5007 -48.099 -50.7226 -53.36 -56 
54 51.4681 48.9555 46.4727 44.0297 41.6358 39.2997 37.0291 34.8311 32.7116 30.6754 28.7267 26.8683 25.1022 23.4295 21.8502 20.3638 18.9687 17.6628 16.4434 15.3072 14.2507 13.2698 12.3603 11.5178 10.7378 10.0158 9.34738 8.72804 8.15353 7.61974 7.12273 6.65881 6.22448 5.8165 5.43189 5.06789 4.72199 4.3919 4.07558 3.77117 3.47702 3.19168 2.91383 2.64232 2.37614 2.11436 1.8562 1.6009 1.34781 1.09629 0.845749 0.595583 0.34518 0.0938916 -0.158992 -0.414262 -0.672813 -0.935676 -1.20404 -1.47927 -1.76295 -2.05691 -2.36323 -2.68428 -3.02275 -3.38163 -3.76428 -4.17438 -4.61595 -5.09334 -5.61122 -6.17453 -6.78845 -7.45832 -8.18964 -8.98791 -9.85861 -10.8071 -11.8383 -12.9572 -14.1678 -15.474 -16.8786 -18.3839 -19.9911 -21.7005 -23.5115 -25.4221 -27.4295 -29.5294 -31.7168 -33.9852 -36.3274 -38.7349 -41.1988 -43.7091 -46.2554 -48.8268 -51.4121 -54 
52 49.5302 47.0793 44.6576 42.2749 39.9404 37.6627 35.4495 33.3076 31.2428 29.2601 27.3635 25.5557 23.8389 22.214 20.6811 19.2398 17.8884 16.6249 15.4468 14.3507 13.3331 12.3902 11.5178 10.7115 9.96687 9.27958 8.64514 8.05923 7.51763 7.01628 6.5513 6.11904 5.71606 5.33917 4.98541 4.65205 4.33662 4.03686 3.75073 3.47643 3.2123 2.9569 2.70894 2.46728 2.2309 1.9989 1.77048 1.54492 1.32155 1.09974 0.87891 0.658454 0.437766 0.216202 -0.00694203 -0.232449 -0.46121 -0.694242 -0.932722 -1.17801 -1.43166 -1.6955 -1.97157 -2.26222 -2.57011 -2.89821 -3.24981 -3.62856 -4.03843 -4.48372 -4.96904 -5.49925 -6.07947 -6.71499 -7.41121 -8.17356 -9.00745 -9.91813 -10.9106 -11.9896 -13.1591 -14.423 -15.7841 -17.2445 -18.8056 -20.4677 -22.2299 -24.0905 -26.0467 -28.0943 -30.2281 -32.4421 -34.7289 -37.0803 -39.4874 -41.9404 -44.429 -46.9425 -49.4699 -52 
50 47.5976 45.2136 42.8581 40.5407 38.2705 36.0558 33.9042 31.8225 29.8164 27.8907 26.0493 24.2952 22.6301 21.0553 19.5708 18.176 16.8696 15.6495 14.5132 13.4575 12.479 11.5737 10.7378 9.96687 9.25666 8.60279 8.00093 7.44683 6.93634 6.46548 6.03045 5.62765 5.25371 4.90549 4.58006 4.27476 3.98715 3.71501 3.45633 3.20931 2.97235 2.74402 2.52303 2.30827 2.09874 1.89354 1.69189 1.49306 1.2964 1.10129 0.907152 0.713386 0.519394 0.324539 0.128125 -0.0706221 -0.27258 -0.478755 -0.690307 -0.908575 -1.13511 -1.37167 -1.62031 -1.88333 -2.16334 -2.46327 -2.78636 -3.1362 -3.5167 -3.93209 -4.38689 -4.8859 -5.43414 -6.0368 -6.69921 -7.4267 -8.22457 -9.09799 -10.0519 -11.0908 -12.2189 -13.4398 -14.7562 -16.1704 -17.6835 -19.2959 -21.0068 -22.8146 -24.7162 -26.7078 -28.7843 -30.9395 -33.1664 -35.457 -37.8024 -40.193 -42.6187 -45.069 -47.5331 -50 
48 45.6699 43.3576 41.073 38.8255 36.6239 34.4765 32.3907 30.373 28.4291 26.5637 24.7807 23.0828 21.472 19.9493 18.5149 17.1682 15.9079 14.732 13.6381 12.6231 11.6835 10.8158 10.0158 9.27958 8.60279 7.98121 7.41061 6.88682 6.40579 5.96363 5.55663 5.18126 4.83421 4.51241 4.21301 3.93338 3.67113 3.42409 3.19029 2.96796 2.75553 2.55158 2.35487 2.1643 1.97887 1.79771 1.62005 1.44517 1.27243 1.10123 0.930979 0.761101 0.591003 0.420058 0.24758 0.0728081 -0.105122 -0.2872 -0.474565 -0.668534 -0.870625 -1.08258 -1.3064 -1.54435 -1.79898 -2.07318 -2.37012 -2.69332 -3.04661 -3.43413 -3.86032 -4.32988 -4.84772 -5.41894 -6.04873 -6.74233 -7.50492 -8.34157 -9.25708 -10.2559 -11.3422 -12.5193 -13.79 -15.1565 -16.62 -18.1807 -19.838 -21.5901 -23.4342 -25.3665 -27.3819 -29.4746 -31.6375 -33.8628 -36.1419 -38.4654 -40.8234 -43.2056 -45.6013 -48 
46 43.7466 41.5104 39.3011 37.1277 34.9989 32.9228 30.9064 28.9562 27.0778 25.2758 23.5538 21.9146 20.3603 18.8917 17.509 16.2118 14.9987 13.8679 12.8169 11.8428 10.9423 10.1117 9.34738 8.64514 8.00093 7.41061 6.87005 6.3752 5.92212 5.50703 5.12629 4.77646 4.45434 4.15692 3.8814 3.62525 3.3861 3.16185 2.95056 2.75052 2.56018 2.37816 2.20324 2.03433 1.87047 1.71081 1.55458 1.40109 1.2497 1.09982 0.950874 0.802298 0.653509 0.50389 0.352771 0.199403 0.0429403 -0.117587 -0.283295 -0.455474 -0.635607 -0.825403 -1.02681 -1.24205 -1.47363 -1.72434 -1.99731 -2.29595 -2.62402 -2.98557 -3.38491 -3.82664 -4.31555 -4.85661 -5.4549 -6.11551 -6.84351 -7.64383 -8.52116 -9.47986 -10.5239 -11.6566 -12.8807 -14.1983 -15.6106 -17.1178 -18.7192 -20.4132 -22.197 -24.0669 -26.018 -28.0444 -30.1395 -32.2956 -34.5041 -36.7561 -39.0419 -41.3514 -43.6742 -46 
44 41.8274 39.6714 37.5412 35.4458 33.3936 31.3922 29.4487 27.5693 25.7594 24.0235 22.3651 20.787 19.2911 17.8784 16.549 15.3025 14.1376 13.0526 12.045 11.1121 10.2507 9.45723 8.72804 8.05923 7.44683 6.88682 6.3752 5.90805 5.48155 5.09201 4.73592 4.40994 4.11095 3.83601 3.58244 3.34773 3.12962 2.92603 2.7351 2.55515 2.38466 2.22231 2.06689 1.91735 1.77275 1.63225 1.49511 1.36064 1.22824 1.09731 0.967297 0.837649 0.707795 0.577132 0.445005 0.310681 0.173335 0.0320205 -0.114353 -0.267043 -0.427498 -0.597382 -0.778596 -0.973302 -1.18394 -1.41323 -1.66422 -1.94023 -2.24492 -2.58221 -2.95633 -3.37171 -3.83305 -4.34515 -4.91295 -5.54141 -6.23545 -6.99985 -7.83918 -8.75767 -9.75914 -10.8469 -12.0236 -13.2911 -14.6507 -16.1027 -17.6463 -19.2799 -21.0009 -22.8055 -24.6892 -26.6461 -28.6699 -30.753 -32.8872 -35.0637 -37.2731 -39.5057 -41.7514 -44 
42 39.9119 37.8397 35.7923 33.7784 31.8061 29.8828 28.0153 26.2096 24.4709 22.8036 21.2112 19.6963 18.2608 16.9055 15.6308 14.4362 13.3205 12.2819 11.3182 10.4267 9.60442 8.84788 8.15353 7.51763 6.93634 6.40579 5.92212 5.48155 5.08037 4.71504 4.38213 4.07844 3.80093 3.54678 3.31337 3.09828 2.89931 2.71446 2.54191 2.38004 2.22738 2.08263 1.94463 1.81235 1.68489 1.56142 1.44122 1.32363 1.20806 1.09392 0.980677 0.867791 0.754706 0.640834 0.525537 0.408104 0.287729 0.163491 0.0343312 -0.100973 -0.24383 -0.395855 -0.558896 -0.735051 -0.926685 -1.13645 -1.36728 -1.62242 -1.90539 -2.22002 -2.57038 -2.96079 -3.39578 -3.88001 -4.41826 -5.01534 -5.676 -6.40487 -7.20637 -8.0846 -9.04325 -10.0855 -11.2139 -12.4304 -13.7361 -15.1313 -16.6152 -18.1864 -19.8422 -21.579 -23.3925 -25.277 -27.2262 -29.2329 -31.2893 -33.3866 -35.5159 -37.6678 -39.8324 -42 
40 37.9997 36.0146 34.0533 32.1241 30.2347 28.3924 26.6037 24.8744 23.2095 21.6132 20.0888 18.639 17.2655 15.9693 14.7505 13.6088 12.543 11.5516 10.6322 9.78248 8.99932 8.27956 7.61974 7.01628 6.46548 5.96363 5.50703 5.09201 4.71504 4.37267 4.06163 3.77882 3.52132 3.2864 3.07154 2.87441 2.69287 2.52501 2.36906 2.22345 2.08676 1.95775 1.83528 1.71836 1.60611 1.49773 1.39254 1.28987 1.18916 1.08985 0.991414 0.893322 0.795038 0.695991 0.595563 0.493062 0.387708 0.278608 0.164736 0.0449068 -0.0822419 -0.218275 -0.36498 -0.524385 -0.698779 -0.890723 -1.10306 -1.33891 -1.6017 -1.8951 -2.22305 -2.58972 -2.99949 -3.45684 -3.9664 -4.5328 -5.16061 -5.85431 -6.61815 -7.45608 -8.37166 -9.36796 -10.4475 -11.612 -12.8626 -14.1995 -15.6221 -17.129 -18.7175 -20.3843 -22.125 -23.9343 -25.806 -27.7334 -29.7086 -31.7235 -33.7693 -35.8369 -37.917 -40 
38 36.0905 34.1955 32.3231 30.4814 28.6778 26.9192 25.2119 23.5613 21.9724 20.4491 18.9948 17.6118 16.3019 15.066 13.9043 12.8165 11.8015 10.8577 9.98317 9.17532 8.43138 7.74828 7.12273 6.5513 6.03045 5.55663 5.12629 4.73592 4.38213 4.06163 3.77127 3.50808 3.26926 3.05218 2.85442 2.67374 2.50811 2.35565 2.21468 2.08369 1.96131 1.84634 1.7377 1.63441 1.53564 1.44061 1.34866 1.25916 1.17155 1.08529 0.999877 0.914799 0.829537 0.743539 0.656205 0.566868 0.474773 0.379059 0.278733 0.172653 0.0595035 -0.062224 -0.194253 -0.338538 -0.497285 -0.67296 -0.868298 -1.08631 -1.33028 -1.60375 -1.91052 -2.25458 -2.64014 -3.07152 -3.55316 -4.0895 -4.68496 -5.34381 -6.07014 -6.86775 -7.74004 -8.68996 -9.71989 -10.8316 -12.026 -13.3035 -14.6634 -16.1042 -17.6236 -19.2182 -20.8838 -22.6155 -24.4072 -26.2524 -28.1436 -30.0731 -32.0323 -34.0125 -36.0048 -38 
36 34.184 32.3817 30.6009 28.8493 27.134 25.4614 23.8377 22.2681 20.7571 19.3088 17.9261 16.6115 15.3666 14.1922 13.0888 12.0557 11.0922 10.1967 9.36722 8.60149 7.89683 7.25031 6.65881 6.11904 5.62765 5.18126 4.77646 4.40994 4.07844 3.77882 3.50808 3.26338 3.04204 2.84155 2.65959 2.49403 2.34291 2.20444 2.07701 1.95916 1.8496 1.74716 1.6508 1.5596 1.47275 1.3895 1.30921 1.23129 1.15518 1.08038 1.0064 0.932736 0.858897 0.784349 0.708514 0.63075 0.55033 0.466425 0.378079 0.284195 0.183509 0.0745699 -0.0442765 -0.174908 -0.31944 -0.48024 -0.659931 -0.861402 -1.0878 -1.34252 -1.62918 -1.95165 -2.31392 -2.72014 -3.17456 -3.68143 -4.24496 -4.86926 -5.55823 -6.31549 -7.1443 -8.04748 -9.0273 -10.0854 -11.2228 -12.4397 -13.7355 -15.1088 -16.5573 -18.0778 -19.6664 -21.3182 -23.0275 -24.788 -26.5927 -28.434 -30.3039 -32.1939 -34.0955 -36 
34 32.2799 30.5726 28.8858 27.2265 25.6016 24.0173 22.4792 20.9924 19.5613 18.1896 16.8801 15.6353 14.4566 13.3449 12.3005 11.3231 10.4117 9.56486 8.78086 8.05747 7.39215 6.78214 6.22448 5.71606 5.25371 4.83421 4.45434 4.11095 3.80093 3.52132 3.26926 3.04204 2.83711 2.6521 2.48479 2.33314 2.1953 2.06955 1.95436 1.84835 1.75027 1.659 1.57356 1.49306 1.41673 1.34386 1.27382 1.20605 1.14003 1.07526 1.01128 0.9476 0.883754 0.819226 0.753463 0.685849 0.615685 0.542178 0.464411 0.381334 0.291735 0.194226 0.0872251 -0.0310643 -0.162665 -0.309838 -0.475091 -0.661181 -0.871112 -1.10813 -1.37568 -1.67745 -2.01726 -2.39906 -2.82688 -3.30479 -3.83681 -4.42682 -5.07856 -5.79546 -6.58063 -7.43674 -8.36595 -9.36984 -10.4493 -11.6046 -12.8351 -14.1396 -15.5157 -16.9605 -18.4702 -20.0402 -21.665 -23.3387 -25.0545 -26.8052 -28.5831 -30.3804 -32.1888 -34 
32 30.3778 28.7678 27.1769 25.612 24.0795 22.5853 21.1346 19.7324 18.3827 17.0891 15.8542 14.6804 13.5691 12.5211 11.5366 10.6154 9.75669 8.95907 8.22085 7.53996 6.91404 6.34049 5.8165 5.33917 4.90549 4.51241 4.15692 3.83601 3.54678 3.2864 3.05218 2.84155 2.6521 2.48157 2.32788 2.18909 2.06343 1.94928 1.84519 1.74983 1.66204 1.58074 1.50499 1.43397 1.36691 1.30317 1.24213 1.18326 1.12605 1.07004 1.01478 0.959817 0.904688 0.848908 0.791946 0.733213 0.672043 0.607676 0.539241 0.465732 0.385995 0.298707 0.20236 0.0952435 -0.0245682 -0.159227 -0.311119 -0.482865 -0.677321 -0.897567 -1.14689 -1.42878 -1.74686 -2.10488 -2.50668 -2.9561 -3.45695 -4.01292 -4.62755 -5.30408 -6.04547 -6.85423 -7.7324 -8.68148 -9.70233 -10.7951 -11.9594 -13.1937 -14.4961 -15.8638 -17.293 -18.7793 -20.3178 -21.9026 -23.5274 -25.1854 -26.8693 -28.5716 -30.2844 -32 
30 28.4776 26.9666 25.4735 24.0048 22.5664 21.1639 19.8023 18.4862 17.2193 16.0051 14.8461 13.7444 12.7014 11.7179 10.7942 9.92992 9.12437 8.37631 7.68414 7.04594 6.45948 5.92234 5.43189 4.98541 4.58006 4.21301 3.8814 3.58244 3.31337 3.07154 2.85442 2.65959 2.48479 2.32788 2.1869 2.06002 1.94557 1.84203 1.74801 1.66228 1.58372 1.51132 1.4442 1.38155 1.32268 1.26695 1.21379 1.1627 1.11319 1.06481 1.01715 0.969766 0.922226 0.874064 0.824776 0.773801 0.720505 0.664166 0.603954 0.538916 0.467955 0.389815 0.303066 0.206086 0.0970492 -0.0260827 -0.165569 -0.323891 -0.50375 -0.708061 -0.939934 -1.20265 -1.49966 -1.83449 -2.21076 -2.63211 -3.10211 -3.62427 -4.20189 -4.83806 -5.53554 -6.2967 -7.12346 -8.01722 -8.97879 -10.0083 -11.1053 -12.2686 -13.4961 -14.7852 -16.1325 -17.5337 -18.9842 -20.4784 -22.0104 -23.5738 -25.1616 -26.7668 -28.3821 -30 
28 26.5791 25.1686 23.775 22.404 21.0612 19.752 18.4808 17.2521 16.0693 14.9357 13.8536 12.825 11.8512 10.933 10.0706 9.26387 8.51197 7.81383 7.16798 6.57261 6.02568 5.52492 5.06789 4.65205 4.27476 3.93338 3.62525 3.34773 3.09828 2.87441 2.67374 2.49403 2.33314 2.18909 2.06002 1.94422 1.84013 1.74632 1.66149 1.58447 1.51422 1.44978 1.39032 1.3351 1.28344 1.23475 1.18849 1.14418 1.10138 1.05964 1.01858 0.977787 0.936839 0.8953 0.852692 0.808483 0.762074 0.712779 0.659815 0.602279 0.539135 0.469197 0.391114 0.303355 0.204198 0.0917216 -0.0362029 -0.181913 -0.347953 -0.537063 -0.752171 -0.996366 -1.27288 -1.58503 -1.93622 -2.32986 -2.76931 -3.25784 -3.79857 -4.39437 -5.04783 -5.76118 -6.5362 -7.3742 -8.27593 -9.24152 -10.2705 -11.3617 -12.5133 -13.7227 -14.9868 -16.3015 -17.6625 -19.0646 -20.5022 -21.9692 -23.4593 -24.9657 -26.4816 -28 
26 24.6819 23.3735 22.0806 20.8087 19.5629 18.3482 17.1687 16.0286 14.931 13.879 12.8747 11.9201 11.0163 10.1641 9.36368 8.61488 7.91704 7.26915 6.66983 6.11745 5.6101 5.1457 4.72199 4.33662 3.98715 3.67113 3.3861 3.12962 2.89931 2.69287 2.50811 2.34291 2.1953 2.06343 1.94557 1.84013 1.74566 1.66081 1.58438 1.51528 1.45251 1.39521 1.34259 1.29394 1.24864 1.20614 1.16592 1.12753 1.09056 1.0546 1.01926 0.984179 0.94895 0.91316 0.876359 0.838045 0.797654 0.754541 0.707967 0.657083 0.600914 0.538345 0.468109 0.388766 0.298703 0.196117 0.079012 -0.0548008 -0.207703 -0.38226 -0.581209 -0.807439 -1.06396 -1.3539 -1.6804 -2.04666 -2.4558 -2.91089 -3.41481 -3.97026 -4.57962 -5.24497 -5.96797 -6.74981 -7.5912 -8.49226 -9.45251 -10.4709 -11.5456 -12.6744 -13.8541 -15.0812 -16.3514 -17.66 -19.0018 -20.371 -21.7618 -23.1678 -24.5827 -26 
24 22.786 21.5808 20.3899 19.2183 18.0707 16.9515 15.8648 14.8143 13.8029 12.8333 11.9078 11.0278 10.1947 9.40907 8.67115 7.98077 7.33736 6.73999 6.18741 5.67814 5.21043 4.78237 4.3919 4.03686 3.71501 3.42409 3.16185 2.92603 2.71446 2.52501 2.35565 2.20444 2.06955 1.94928 1.84203 1.74632 1.66081 1.58426 1.51555 1.45366 1.39768 1.34679 1.30027 1.25746 1.21779 1.18071 1.14578 1.11256 1.08066 1.04971 1.01934 0.989207 0.95893 0.928124 0.896367 0.863188 0.828058 0.790371 0.749437 0.704461 0.65453 0.598605 0.535498 0.46387 0.382212 0.288846 0.181911 0.059371 -0.0809915 -0.241562 -0.424883 -0.633639 -0.870629 -1.13874 -1.4409 -1.78006 -2.15913 -2.58093 -3.04813 -3.56322 -4.12841 -4.7456 -5.41633 -6.1417 -6.92232 -7.75831 -8.64923 -9.59406 -10.5912 -11.6383 -12.7328 -13.8712 -15.0495 -16.2634 -17.5081 -18.7783 -20.0684 -21.3727 -22.6852 -24 
22 20.8911 19.7903 18.7024 17.6321 16.5836 15.561 14.568 13.6079 12.6835 11.7973 10.9511 10.1465 9.38467 8.66614 7.99116 7.35959 6.77091 6.22431 5.71867 5.25262 4.8246 4.43288 4.07558 3.75073 3.45633 3.19029 2.95056 2.7351 2.54191 2.36906 2.21468 2.07701 1.95436 1.84519 1.74801 1.66149 1.58438 1.51555 1.45396 1.39867 1.34886 1.30377 1.26272 1.22511 1.19041 1.15812 1.12782 1.09911 1.07162 1.04502 1.01895 0.993096 0.967107 0.940622 0.913245 0.884538 0.854008 0.821091 0.785145 0.745429 0.701096 0.65118 0.594581 0.530053 0.456203 0.371472 0.274143 0.162331 0.0339869 -0.11309 -0.281248 -0.47296 -0.690804 -0.937437 -1.21556 -1.52788 -1.87707 -2.26572 -2.69628 -3.17102 -3.69198 -4.26088 -4.87913 -5.54772 -6.26721 -7.0377 -7.85875 -8.72942 -9.6482 -10.6131 -11.6214 -12.6701 -13.7557 -14.8739 -16.0204 -17.1904 -18.3787 -19.58 -20.789 -22 
20 18.9971 18.0016 17.0176 16.0494 15.101 14.1758 13.2773 12.4085 11.5718 10.7695 10.0033 9.2747 8.58461 7.93363 7.32199 6.74956 6.21591 5.7203 5.26174 4.83902 4.45074 4.09535 3.77117 3.47643 3.20931 2.96796 2.75052 2.55515 2.38004 2.22345 2.08369 1.95916 1.84835 1.74983 1.66228 1.58447 1.51528 1.45366 1.39867 1.34948 1.30531 1.26546 1.22934 1.19637 1.16608 1.13802 1.11178 1.08701 1.06337 1.04053 1.01819 0.996045 0.973768 0.951027 0.927455 0.902647 0.876146 0.84743 0.815906 0.78089 0.7416 0.697146 0.646512 0.588556 0.521993 0.445393 0.357179 0.255622 0.138845 0.00483226 -0.148563 -0.323603 -0.522642 -0.748104 -1.00245 -1.28815 -1.60763 -1.96325 -2.35724 -2.79165 -3.26832 -3.78882 -4.35441 -4.96598 -5.62403 -6.32862 -7.07935 -7.87534 -8.7152 -9.59708 -10.5186 -11.4769 -12.4688 -13.4904 -14.5378 -15.6066 -16.6921 -17.7895 -18.8938 -20 
18 17.104 16.2144 15.3351 14.4699 13.6222 12.7952 11.9919 11.2149 10.4665 9.74877 9.06317 8.41099 7.79312 7.21009 6.66212 6.14913 5.67074 5.22631 4.81498 4.43568 4.08719 3.76813 3.47702 3.2123 2.97235 2.75553 2.56018 2.38466 2.22738 2.08676 1.96131 1.8496 1.75027 1.66204 1.58372 1.51422 1.45251 1.39768 1.34886 1.30531 1.26631 1.23125 1.19958 1.17078 1.14442 1.1201 1.09744 1.07612 1.05582 1.03627 1.01716 0.998221 0.97916 0.959667 0.939405 0.918001 0.895036 0.870032 0.842443 0.811643 0.776918 0.737452 0.69232 0.640477 0.580753 0.511848 0.432326 0.340617 0.235017 0.113698 -0.0252828 -0.183973 -0.364501 -0.569054 -0.799855 -1.05912 -1.34905 -1.67175 -2.02922 -2.4233 -2.85565 -3.32765 -3.84043 -4.39477 -4.9911 -5.62947 -6.30949 -7.03035 -7.79079 -8.58911 -9.42318 -10.2904 -11.1879 -12.1122 -13.0597 -14.0264 -15.0082 -16.0008 -16.9995 -18 
16 15.2114 14.4285 13.6546 12.893 12.1466 11.4184 10.7109 10.0264 9.36686 8.73412 8.12954 7.55421 7.00894 6.4942 6.01021 5.55691 5.13399 4.74091 4.37693 4.04114 3.73247 3.44975 3.19168 2.9569 2.74402 2.55158 2.37816 2.22231 2.08263 1.95775 1.84634 1.74716 1.659 1.58074 1.51132 1.44978 1.39521 1.34679 1.30377 1.26546 1.23125 1.20058 1.17295 1.14792 1.12509 1.10408 1.08458 1.06629 1.04892 1.03222 1.01592 0.999767 0.983496 0.966826 0.949449 0.931026 0.911175 0.889462 0.86539 0.838393 0.807821 0.772939 0.732907 0.686785 0.633518 0.571933 0.50074 0.418528 0.323771 0.214829 0.0899638 -0.0526536 -0.214923 -0.398794 -0.606245 -0.839249 -1.09975 -1.38962 -1.71062 -2.0644 -2.45238 -2.87581 -3.33564 -3.83258 -4.36697 -4.93883 -5.5478 -6.19315 -6.87373 -7.58803 -8.33411 -9.10969 -9.91211 -10.7384 -11.5853 -12.4493 -13.3267 -14.2136 -15.106 -16 
14 13.3195 12.6438 11.9758 11.3183 10.6739 10.0449 9.43366 8.84207 8.2719 7.72461 7.20144 6.70333 6.23097 5.78482 5.36506 4.97167 4.6044 4.2628 3.94629 3.65407 3.38527 3.13889 2.91383 2.70894 2.52303 2.35487 2.20324 2.06689 1.94463 1.83528 1.7377 1.6508 1.57356 1.50499 1.4442 1.39032 1.34259 1.30027 1.26272 1.22934 1.19958 1.17295 1.14903 1.12742 1.10775 1.08971 1.07302 1.05739 1.0426 1.02838 1.01453 1.0008 0.986959 0.972749 0.957895 0.942092 0.924995 0.906214 0.885304 0.861755 0.834988 0.804342 0.769072 0.728336 0.681197 0.626613 0.563439 0.490427 0.406226 0.30939 0.198385 0.0716039 -0.072623 -0.236006 -0.420275 -0.627156 -0.858341 -1.11546 -1.40005 -1.71352 -2.05712 -2.4319 -2.83869 -3.27807 -3.75032 -4.25544 -4.79308 -5.36259 -5.96295 -6.5928 -7.25045 -7.93388 -8.64077 -9.3685 -10.1142 -10.8749 -11.6472 -12.4278 -13.2132 -14 
12 11.428 10.86 10.2984 9.74549 9.20342 8.67419 8.15962 7.66138 7.1809 6.71943 6.278 5.85741 5.45825 5.08093 4.72561 4.39231 4.08085 3.79087 3.5219 3.27333 3.04443 2.83439 2.64232 2.46728 2.30827 2.1643 2.03433 1.91735 1.81235 1.71836 1.63441 1.5596 1.49306 1.43397 1.38155 1.3351 1.29394 1.25746 1.22511 1.19637 1.17078 1.14792 1.12742 1.10892 1.09213 1.07676 1.06257 1.04931 1.03677 1.02475 1.01304 1.00142 0.989703 0.977646 0.965009 0.951519 0.936872 0.92072 0.902669 0.88227 0.85901 0.832309 0.801511 0.765878 0.724589 0.676735 0.621319 0.557253 0.483366 0.398405 0.301045 0.189899 0.0635312 -0.0795275 -0.240759 -0.421637 -0.623604 -0.848045 -1.09626 -1.36944 -1.66863 -1.99471 -2.34836 -2.73005 -3.14 -3.57818 -4.04426 -4.53766 -5.05747 -5.60253 -6.17137 -6.76224 -7.37314 -8.00184 -8.64589 -9.30267 -9.96938 -10.6432 -11.321 -12 
10 9.53688 9.07698 8.62217 8.17425 7.73492 7.30576 6.88825 6.48368 6.09322 5.71787 5.35845 5.01564 4.68992 4.38163 4.09094 3.81789 3.56236 3.3241 3.10277 2.89789 2.70892 2.53523 2.37614 2.2309 2.09874 1.97887 1.87047 1.77275 1.68489 1.60611 1.53564 1.47275 1.41673 1.36691 1.32268 1.28344 1.24864 1.21779 1.19041 1.16608 1.14442 1.12509 1.10775 1.09213 1.07796 1.06501 1.05306 1.04192 1.03139 1.0213 1.01147 1.00172 0.991858 0.981697 0.971019 0.959586 0.947131 0.933353 0.917909 0.900408 0.880407 0.857404 0.830835 0.800066 0.764395 0.723044 0.675164 0.619833 0.556056 0.482777 0.39888 0.3032 0.194536 0.0716635 -0.0666506 -0.221627 -0.394456 -0.586277 -0.798151 -1.03105 -1.28581 -1.56314 -1.86358 -2.18748 -2.53499 -2.90606 -3.30038 -3.71743 -4.15645 -4.61643 -5.09613 -5.59409 -6.10864 -6.63791 -7.17987 -7.73232 -8.29298 -8.85945 -9.42928 -10 
8 7.64611 7.29462 6.94691 6.60429 6.26801 5.93925 5.61907 5.30846 5.00829 4.7193 4.44213 4.1773 3.92521 3.68612 3.46022 3.24755 3.04806 2.86161 2.68798 2.52684 2.37783 2.2405 2.11436 1.9989 1.89354 1.79771 1.71081 1.63225 1.56142 1.49773 1.44061 1.3895 1.34386 1.30317 1.26695 1.23475 1.20614 1.18071 1.15812 1.13802 1.1201 1.10408 1.08971 1.07676 1.06501 1.05427 1.04436 1.03512 1.02639 1.01802 1.00985 1.00174 0.993534 0.985054 0.976121 0.966531 0.956057 0.944441 0.931392 0.916579 0.89963 0.880121 0.857579 0.831477 0.801229 0.766193 0.725666 0.678891 0.625055 0.563298 0.492712 0.412359 0.321271 0.218469 0.102971 -0.0261882 -0.169947 -0.329195 -0.504757 -0.697377 -0.907697 -1.13624 -1.38341 -1.64943 -1.93439 -2.23821 -2.5606 -2.90113 -3.25913 -3.63379 -4.02409 -4.42885 -4.84674 -5.27625 -5.71576 -6.16354 -6.61777 -7.07654 -7.53794 -8 
6 5.7556 5.51279 5.27243 5.03537 4.8024 4.57427 4.35168 4.13525 3.92557 3.72315 3.52842 3.34176 3.16345 2.99371 2.83271 2.68053 2.53718 2.40261 2.27673 2.15938 2.05034 1.94938 1.8562 1.77048 1.69189 1.62005 1.55458 1.49511 1.44122 1.39254 1.34866 1.30921 1.27382 1.24213 1.21379 1.18849 1.16592 1.14578 1.12782 1.11178 1.09744 1.08458 1.07302 1.06257 1.05306 1.04436 1.03632 1.02881 1.0217 1.01487 1.0082 1.00156 0.994822 0.987848 0.980484 0.972562 0.963893 0.954265 0.943439 0.931144 0.917076 0.900893 0.882215 0.860616 0.835633 0.806756 0.773432 0.735069 0.691036 0.640668 0.583271 0.518128 0.444512 0.361687 0.268924 0.165513 0.05077 -0.0759447 -0.215218 -0.367568 -0.533434 -0.713163 -0.906998 -1.11507 -1.33739 -1.57385 -1.82418 -2.08801 -2.36483 -2.65397 -2.95465 -3.26599 -3.58695 -3.91644 -4.25322 -4.59603 -4.94351 -5.29429 -5.64692 -6 
